   2.0990944718941877E-008
   3.1414634623646735E-002
   3.1414634623661966E-002
   6.2821518156261622E-002
   6.2821518156265896E-002
   9.4212901419287176E-002
   9.4212901419288578E-002
  0.12558103905862711     
  0.12558103905862886     
  0.15691819145569144     
  0.15691819145569216     
  0.18821662663702932     
  0.18821662663703154     
  0.21946862218209201     
  0.21946862218209226     
  0.25066646712860952     
  0.25066646712861024     
  0.28180246387516678     
  0.28180246387516750     
  0.31286893008046213     
  0.31286893008046307     
  0.34385820055882049     
  0.34385820055882121     
  0.37476262917145026     
  0.37476262917145076     
  0.40557459071302498     
  0.40557459071302515     
  0.43628648279308552     
  0.43628648279308563     
  0.46689072771181039     
  0.46689072771181217     
  0.49737977432970970     
  0.49737977432971026     
  0.52774609993074606     
  0.52774609993074661     
  0.55798221207845899     
  0.55798221207845911     
  0.58808065046460822     
  0.58808065046460867     
  0.61803398874989590     
  0.61803398874989590     
  0.64783483639629968     
  0.64783483639629991     
  0.67747584049058351     
  0.67747584049058363     
  0.70694968755851495     
  0.70694968755851517     
  0.73624910536935628     
  0.73624910536935684     
  0.76536686473017990     
  0.76536686473018012     
  0.79429578126956135     
  0.79429578126956157     
  0.82302871721021786     
  0.82302871721021820     
  0.85155858313014576     
  0.85155858313014599     
  0.87987833971183049     
  0.87987833971183116     
  0.90798099947909428     
  0.90798099947909439     
  0.93585962852114679     
  0.93585962852114724     
  0.96350734820343087     
  0.96350734820343176     
  0.99091733686481498     
  0.99091733686481553     
   1.0180828315007429     
   1.0180828315007433     
   1.0449971294318978     
   1.0449971294318980     
   1.0716535899579933     
   1.0716535899579935     
   1.0980456359962631     
   1.0980456359962645     
   1.1241667557042616     
   1.1241667557042616     
   1.1500105040865567     
   1.1500105040865571     
   1.1755705045849452     
   1.1755705045849463     
   1.2008404506517683     
   1.2008404506517685     
   1.2258141073059521     
   1.2258141073059530     
   1.2504853126714099     
   1.2504853126714108     
   1.2748479794973802     
   1.2748479794973802     
   1.2988960966603667     
   1.2988960966603673     
   1.3226237306473034     
   1.3226237306473039     
   1.3460250270195460     
   1.3460250270195468     
   1.3690942118573759     
   1.3690942118573783     
   1.3918255931846288     
   1.3918255931846291     
   1.4142135623730943     
   1.4142135623730949     
   1.4362525955263774     
   1.4362525955263781     
   1.4579372548428233     
   1.4579372548428238     
   1.4792621899572194     
   1.4792621899572203     
   1.5002221392609187     
   1.5002221392609190     
   1.5208119312000619     
   1.5208119312000621     
   1.5410264855515783     
   1.5410264855515787     
   1.5608608146766580     
   1.5608608146766594     
   1.5803100247513804     
   1.5803100247513808     
   1.5993693169741792     
   1.5993693169741809     
   1.6180339887498949     
   1.6180339887498949     
   1.6362994348500464     
   1.6362994348500468     
   1.6541611485491234     
   1.6541611485491237     
   1.6716147227365390     
   1.6716147227365401     
   1.6886558510040299     
   1.6886558510040302     
   1.7052803287081837     
   1.7052803287081844     
   1.7214840540078862     
   1.7214840540078873     
   1.7372630288763822     
   1.7372630288763824     
   1.7526133600877265     
   1.7526133600877267     
   1.7675312601773856     
   1.7675312601773867     
   1.7820130483767351     
   1.7820130483767358     
   1.7960551515212315     
   1.7960551515212324     
   1.8096541049320385     
   1.8096541049320392     
   1.8228065532708890     
   1.8228065532708906     
   1.8355092513679621     
   1.8355092513679627     
   1.8477590650225724     
   1.8477590650225728     
   1.8595529717765029     
   1.8595529717765029     
   1.8708880616597332     
   1.8708880616597350     
   1.8817615379084498     
   1.8817615379084511     
   1.8921707176550904     
   1.8921707176550906     
   1.9021130325903073     
   1.9021130325903073     
   1.9115860295966605     
   1.9115860295966609     
   1.9205873713538861     
   1.9205873713538870     
   1.9291148369155953     
   1.9291148369155962     
   1.9371663222572622     
   1.9371663222572642     
   1.9447398407953529     
   1.9447398407953533     
   1.9518335238774944     
   1.9518335238774958     
   1.9584456212435317     
   1.9584456212435333     
   1.9645745014573774     
   1.9645745014573774     
   1.9702186523095480     
   1.9702186523095491     
   1.9753766811902744     
   1.9753766811902751     
   1.9800473154331149     
   1.9800473154331155     
   1.9842294026289542     
   1.9842294026289558     
   1.9879219109103579     
   1.9879219109103594     
   1.9911239292061593     
   1.9911239292061600     
   1.9938346674662557     
   1.9938346674662568     
   1.9960534568565420     
   1.9960534568565427     
   1.9977797499239398     
   1.9977797499239411     
   1.9990131207314630     
   1.9990131207314630     
   1.9997532649633212     
   1.9997532649633218     
   2.0000000000000000     
