3 -0.1951033125000000E+01
5 -0.1950781250000000E+01
7 -0.1950446250000000E+01
9 -0.1952099375000000E+01
11 -0.1951162500000000E+01
13 -0.1950575625000000E+01
15 -0.1951298125000000E+01
17 -0.1950650000000000E+01
19 -0.1950983125000000E+01
21 -0.1950761250000000E+01
23 -0.1951317500000000E+01
25 -0.1950990000000000E+01
27 -0.1951733750000000E+01
29 -0.1950410000000000E+01
31 -0.1951126250000000E+01
33 -0.1950753750000000E+01
35 -0.1951485625000000E+01
37 -0.1950742500000000E+01
39 -0.1951436250000000E+01
41 -0.1951206250000000E+01
43 -0.1951071875000000E+01
45 -0.1951804375000000E+01
47 -0.1950751250000000E+01
49 -0.1951416250000000E+01
51 -0.1950801875000000E+01
53 -0.1951657500000000E+01
55 -0.1950410000000000E+01
57 -0.1950700625000000E+01
59 -0.1951415625000000E+01
61 -0.1951138125000000E+01
63 -0.1951315000000000E+01
65 -0.1951274375000000E+01
67 -0.1950343750000000E+01
69 -0.1951370000000000E+01
71 -0.1950989375000000E+01
73 -0.1951228125000000E+01
75 -0.1951408750000000E+01
77 -0.1951013750000000E+01
79 -0.1951002500000000E+01
81 -0.1951359375000000E+01
83 -0.1950835625000000E+01
85 -0.1951091875000000E+01
87 -0.1951753125000000E+01
89 -0.1951326250000000E+01
91 -0.1950765000000000E+01
93 -0.1949832500000000E+01
95 -0.1951246875000000E+01
97 -0.1951790000000000E+01
99 -0.1952099375000000E+01
101 -0.1950593750000000E+01
103 -0.1951304375000000E+01
105 -0.1951622500000000E+01
107 -0.1951345000000000E+01
109 -0.1950783750000000E+01
111 -0.1951736250000000E+01
113 -0.1950759375000000E+01
115 -0.1951405625000000E+01
117 -0.1950868125000000E+01
119 -0.1950797500000000E+01
121 -0.1950710000000000E+01
123 -0.1951377500000000E+01
125 -0.1950693750000000E+01
127 -0.1951252500000000E+01
129 -0.1950951250000000E+01
131 -0.1951280625000000E+01
133 -0.1952005625000000E+01
135 -0.1951437500000000E+01
137 -0.1951738750000000E+01
139 -0.1951111875000000E+01
141 -0.1951731250000000E+01
143 -0.1951265000000000E+01
145 -0.1951310625000000E+01
147 -0.1950565000000000E+01
149 -0.1950886250000000E+01
151 -0.1952275625000000E+01
153 -0.1951090625000000E+01
155 -0.1950699375000000E+01
157 -0.1951306875000000E+01
159 -0.1950996875000000E+01
161 -0.1951538125000000E+01
163 -0.1951236875000000E+01
165 -0.1951437500000000E+01
167 -0.1950655625000000E+01
169 -0.1951638125000000E+01
171 -0.1950656875000000E+01
173 -0.1951066875000000E+01
175 -0.1950528750000000E+01
177 -0.1950903750000000E+01
179 -0.1950815625000000E+01
181 -0.1951598125000000E+01
183 -0.1951666250000000E+01
185 -0.1950735625000000E+01
187 -0.1951652500000000E+01
189 -0.1951531875000000E+01
191 -0.1951254375000000E+01
193 -0.1950850000000000E+01
195 -0.1951246250000000E+01
197 -0.1950973125000000E+01
199 -0.1951376250000000E+01
201 -0.1950421875000000E+01
203 -0.1951291875000000E+01
205 -0.1950922500000000E+01
207 -0.1951233750000000E+01
209 -0.1951959375000000E+01
211 -0.1951484375000000E+01
213 -0.1951246250000000E+01
215 -0.1951615000000000E+01
217 -0.1951031875000000E+01
219 -0.1951668125000000E+01
221 -0.1951370625000000E+01
223 -0.1950306250000000E+01
225 -0.1951290625000000E+01
227 -0.1950763750000000E+01
229 -0.1950656875000000E+01
231 -0.1951250625000000E+01
233 -0.1951303750000000E+01
235 -0.1951486250000000E+01
237 -0.1951023125000000E+01
239 -0.1950927500000000E+01
241 -0.1950873125000000E+01
243 -0.1951220000000000E+01
245 -0.1951085625000000E+01
247 -0.1950596250000000E+01
249 -0.1951275625000000E+01
251 -0.1950903125000000E+01
253 -0.1951451250000000E+01
255 -0.1950964375000000E+01
257 -0.1950400625000000E+01
259 -0.1951533750000000E+01
261 -0.1950740000000000E+01
263 -0.1951440625000000E+01
265 -0.1951331250000000E+01
267 -0.1951278125000000E+01
269 -0.1951248750000000E+01
271 -0.1951475000000000E+01
273 -0.1950301250000000E+01
275 -0.1951690625000000E+01
277 -0.1951261250000000E+01
279 -0.1950766875000000E+01
281 -0.1951047500000000E+01
283 -0.1951163750000000E+01
285 -0.1950871875000000E+01
287 -0.1950547500000000E+01
289 -0.1951089375000000E+01
291 -0.1951411875000000E+01
293 -0.1951231875000000E+01
295 -0.1951619375000000E+01
297 -0.1951386875000000E+01
299 -0.1951103750000000E+01
301 -0.1951920625000000E+01
303 -0.1950836250000000E+01
305 -0.1950516250000000E+01
307 -0.1951467500000000E+01
309 -0.1950993750000000E+01
311 -0.1950445625000000E+01
313 -0.1950307500000000E+01
315 -0.1951520000000000E+01
317 -0.1951866250000000E+01
319 -0.1951810625000000E+01
321 -0.1951155625000000E+01
323 -0.1951525000000000E+01
325 -0.1951976250000000E+01
327 -0.1950756875000000E+01
329 -0.1950451875000000E+01
331 -0.1950596875000000E+01
333 -0.1951681875000000E+01
335 -0.1951436250000000E+01
337 -0.1950968750000000E+01
339 -0.1950854375000000E+01
341 -0.1951084375000000E+01
343 -0.1951073125000000E+01
345 -0.1951860000000000E+01
347 -0.1951178125000000E+01
349 -0.1951636875000000E+01
351 -0.1951184375000000E+01
353 -0.1950218125000000E+01
355 -0.1951561875000000E+01
357 -0.1951293125000000E+01
359 -0.1951120625000000E+01
361 -0.1950051250000000E+01
363 -0.1950991875000000E+01
365 -0.1950846875000000E+01
367 -0.1950896875000000E+01
369 -0.1951293750000000E+01
371 -0.1951070000000000E+01
373 -0.1951180000000000E+01
375 -0.1950532500000000E+01
377 -0.1951115000000000E+01
379 -0.1951267500000000E+01
381 -0.1951002500000000E+01
383 -0.1950687500000000E+01
385 -0.1951435625000000E+01
387 -0.1951539375000000E+01
389 -0.1951085625000000E+01
391 -0.1951806875000000E+01
393 -0.1950866250000000E+01
395 -0.1951303750000000E+01
397 -0.1950941250000000E+01
399 -0.1951268125000000E+01
401 -0.1951390625000000E+01
403 -0.1950525000000000E+01
405 -0.1950913125000000E+01
407 -0.1950580000000000E+01
409 -0.1950363750000000E+01
411 -0.1950422500000000E+01
413 -0.1950617500000000E+01
415 -0.1950873125000000E+01
417 -0.1951314375000000E+01
419 -0.1951778125000000E+01
421 -0.1951066875000000E+01
423 -0.1951958125000000E+01
425 -0.1951312500000000E+01
427 -0.1951983750000000E+01
429 -0.1951280000000000E+01
431 -0.1950721875000000E+01
433 -0.1950383125000000E+01
435 -0.1951040000000000E+01
437 -0.1951184375000000E+01
439 -0.1950855000000000E+01
441 -0.1951271250000000E+01
443 -0.1951578125000000E+01
445 -0.1951816250000000E+01
447 -0.1951301250000000E+01
449 -0.1951729375000000E+01
451 -0.1950752500000000E+01
453 -0.1950978750000000E+01
455 -0.1950880625000000E+01
457 -0.1951145000000000E+01
459 -0.1951792500000000E+01
461 -0.1951035625000000E+01
463 -0.1951303125000000E+01
465 -0.1951614375000000E+01
467 -0.1951493750000000E+01
469 -0.1951275000000000E+01
471 -0.1950678750000000E+01
473 -0.1951102500000000E+01
475 -0.1951168750000000E+01
477 -0.1951310000000000E+01
479 -0.1950683125000000E+01
481 -0.1951345625000000E+01
483 -0.1951574375000000E+01
485 -0.1951115625000000E+01
487 -0.1950838125000000E+01
489 -0.1951288750000000E+01
491 -0.1951097500000000E+01
493 -0.1951648125000000E+01
495 -0.1950603750000000E+01
497 -0.1950637500000000E+01
499 -0.1951556875000000E+01
501 -0.1951563750000000E+01
503 -0.1950750625000000E+01
505 -0.1951355000000000E+01
507 -0.1951273750000000E+01
509 -0.1950927500000000E+01
511 -0.1951116250000000E+01
513 -0.1951194375000000E+01
515 -0.1951725625000000E+01
517 -0.1951184375000000E+01
519 -0.1951857500000000E+01
521 -0.1950625625000000E+01
523 -0.1950734375000000E+01
525 -0.1950989375000000E+01
527 -0.1950993125000000E+01
529 -0.1950732500000000E+01
531 -0.1950908125000000E+01
533 -0.1951720000000000E+01
535 -0.1951798750000000E+01
537 -0.1950955625000000E+01
539 -0.1951783125000000E+01
541 -0.1950874375000000E+01
543 -0.1951265000000000E+01
545 -0.1950336875000000E+01
547 -0.1950131875000000E+01
549 -0.1950597500000000E+01
551 -0.1950984375000000E+01
553 -0.1951605000000000E+01
555 -0.1951461875000000E+01
557 -0.1950281250000000E+01
559 -0.1951081875000000E+01
561 -0.1951713125000000E+01
563 -0.1951007500000000E+01
565 -0.1951786875000000E+01
567 -0.1950342500000000E+01
569 -0.1950785625000000E+01
571 -0.1951456875000000E+01
573 -0.1951371875000000E+01
575 -0.1951293750000000E+01
577 -0.1950704375000000E+01
579 -0.1950763750000000E+01
581 -0.1951686250000000E+01
583 -0.1951243750000000E+01
585 -0.1950398125000000E+01
587 -0.1951340000000000E+01
589 -0.1950161875000000E+01
591 -0.1950753750000000E+01
593 -0.1950947500000000E+01
595 -0.1950395000000000E+01
597 -0.1951520625000000E+01
599 -0.1951656875000000E+01
601 -0.1951121875000000E+01
