   2.0521419874376438E-008
   2.5649590029597727E-002
   2.5649590029680199E-002
   5.1290738207298785E-002
   5.1290738207318727E-002
   7.6914990586556500E-002
   7.6914990586561024E-002
  0.10251386883970451     
  0.10251386883970558     
  0.12807885758096740     
  0.12807885758096751     
  0.15360139109418516     
  0.15360139109418586     
  0.17907283924545217     
  0.17907283924545894     
  0.20448449234242472     
  0.20448449234243563     
  0.22982754467742808     
  0.22982754467743102     
  0.25509307646006357     
  0.25509307646006729     
  0.28027203380641852     
  0.28027203380642068     
  0.30535520640356845     
  0.30535520640357428     
  0.33033320240990571     
  0.33033320240990732     
  0.35519642008033975     
  0.35519642008034341     
  0.37993501551893227     
  0.37993501551893621     
  0.40453886585691834     
  0.40453886585692295     
  0.42899752702691835     
  0.42899752702692046     
  0.45330018515080556     
  0.45330018515080839     
  0.47743560037243660     
  0.47743560037243854     
  0.50139204174137297     
  0.50139204174137386     
  0.52515721148112737     
  0.52515721148113148     
  0.54871815664575829     
  0.54871815664575896     
  0.57206116577064270     
  0.57206116577064403     
  0.59517164764385533     
  0.59517164764385544     
  0.61803398874989279     
  0.61803398874989490     
  0.64063138525265451     
  0.64063138525265451     
  0.66294564457672134     
  0.66294564457672200     
  0.68495695070635609     
  0.68495695070635876     
  0.70664358625225954     
  0.70664358625225987     
  0.72798160315967841     
  0.72798160315968097     
  0.74894443270786493     
  0.74894443270786659     
  0.76950242430482385     
  0.76950242430482518     
  0.78962230174573012     
  0.78962230174573156     
  0.80926652548551203     
  0.80926652548551403     
  0.82839255075808249     
  0.82839255075808316     
  0.84695197515166554     
  0.84695197515166654     
  0.86488957721406456     
  0.86488957721406590     
  0.88214226230196258     
  0.88214226230196358     
  0.89863795663617618     
  0.89863795663617685     
  0.91429452965003088     
  0.91429452965003111     
  0.92901888259373711     
  0.92901888259373810     
  0.94270642042627939     
  0.94270642042627995     
  0.95524122058495975     
  0.95524122058496008     
  0.96649730941511913     
  0.96649730941511935     
  0.97634151614473841     
  0.97634151614473885     
  0.98463832965923159     
  0.98463832965923304     
  0.99125695294146865     
  0.99125695294146909     
  0.99608027667462051     
  0.99608027667462129     
  0.99901481817704052     
  0.99901481817704052     
  0.99999999999999944     
   1.4142135623730956     
   1.4149096766446583     
   1.4149096766446592     
   1.4169770931175318     
   1.4169770931175321     
   1.4203554672141738     
   1.4203554672141738     
   1.4249517043625988     
   1.4249517043625992     
   1.4306492385809293     
   1.4306492385809297     
   1.4373179713944073     
   1.4373179713944078     
   1.4448232454163223     
   1.4448232454163228     
   1.4530328987628156     
   1.4530328987628160     
   1.4618221218001473     
   1.4618221218001477     
   1.4710763110906337     
   1.4710763110906342     
   1.4806923457939389     
   1.4806923457939392     
   1.4905787564099977     
   1.4905787564099977     
   1.5006551966479420     
   1.5006551966479429     
   1.5108515320132188     
   1.5108515320132194     
   1.5211067621467327     
   1.5211067621467329     
   1.5313679148815282     
   1.5313679148815305     
   1.5415889921070969     
   1.5415889921070975     
   1.5517300084064223     
   1.5517300084064225     
   1.5617561386835948     
   1.5617561386835950     
   1.5716369763597000     
   1.5716369763597009     
   1.5813458957510036     
   1.5813458957510040     
   1.5908595084667438     
   1.5908595084667443     
   1.6001572023825512     
   1.6001572023825517     
   1.6092207518638528     
   1.6092207518638533     
   1.6180339887498947     
   1.6180339887498949     
   1.6265825247557830     
   1.6265825247557835     
   1.6348535171742855     
   1.6348535171742857     
   1.6428354709365385     
   1.6428354709365391     
   1.6505180711611025     
   1.6505180711611027     
   1.6578920412615579     
   1.6578920412615585     
   1.6649490224919827     
   1.6649490224919827     
   1.6716814714957644     
   1.6716814714957644     
   1.6780825729995490     
   1.6780825729995497     
   1.6841461652752108     
   1.6841461652752114     
   1.6898666763927337     
   1.6898666763927344     
   1.6952390696188284     
   1.6952390696188284     
   1.7002587965911586     
   1.7002587965911591     
   1.7049217571261832     
   1.7049217571261839     
   1.7092242647078275     
   1.7092242647078277     
   1.7131630168615410     
   1.7131630168615413     
   1.7167350697494190     
   1.7167350697494195     
   1.7199378164315871     
   1.7199378164315871     
   1.7227689683310903     
   1.7227689683310909     
   1.7252265395170368     
   1.7252265395170370     
   1.7273088334865756     
   1.7273088334865756     
   1.7290144321825414     
   1.7290144321825416     
   1.7303421870321107     
   1.7303421870321110     
   1.7312912118341468     
   1.7312912118341468     
   1.7318608773603352     
   1.7318608773603352     
   1.7320508075688774     
