   0.0000000000000000     
   1.9867476810952737E-002
   1.9867476811029915E-002
   3.9724750989770484E-002
   3.9724750989771455E-002
   5.9561598325936882E-002
   5.9561598325962695E-002
   7.9367751283624638E-002
   7.9367751283643873E-002
   9.9132876915788551E-002
   9.9132876915795365E-002
  0.11884655426878978     
  0.11884655426879653     
  0.13849825110367503     
  0.13849825110367839     
  0.15807729975781493     
  0.15807729975781723     
  0.17757287196765065     
  0.17757287196765803     
  0.19697395247003480     
  0.19697395247003899     
  0.21626931119676107     
  0.21626931119676937     
  0.23544747387542439     
  0.23544747387542961     
  0.25449669084873322     
  0.25449669084873944     
  0.27340490392725725     
  0.27340490392726252     
  0.29215971109557509     
  0.29215971109557748     
  0.31074832890272791     
  0.31074832890273091     
  0.32915755238511457     
  0.32915755238511812     
  0.34737371239619819     
  0.34737371239619896     
  0.36538263025551271     
  0.36538263025551398     
  0.38316956968282229     
  0.38316956968282245     
  0.40071918605561713     
  0.40071918605561718     
  0.41801547312516540     
  0.41801547312516751     
  0.43504170745318343     
  0.43504170745318760     
  0.45178039099485268     
  0.45178039099485379     
  0.46821319246213572     
  0.46821319246213988     
  0.48432088836152870     
  0.48432088836153120     
  0.50008330492179820     
  0.50008330492179898     
  0.51547926251673903     
  0.51547926251674014     
  0.53048652465218749     
  0.53048652465219159     
  0.54508175412812521     
  0.54508175412812565     
  0.55924047960275902     
  0.55924047960276002     
  0.57293707646504410     
  0.57293707646504577     
  0.58614476664079929     
  0.58614476664080017     
  0.59883564267570155     
  0.59883564267570266     
  0.61098072209351939     
  0.61098072209352317     
  0.62255003853296698     
  0.62255003853296820     
  0.63351277640687831     
  0.63351277640688086     
  0.64383745566172279     
  0.64383745566172290     
  0.65349217248420832     
  0.65349217248421188     
  0.66244490034200743     
  0.66244490034200831     
  0.67066385341745893     
  0.67066385341746138     
  0.67811791121589970     
  0.67811791121590037     
  0.68477709892673799     
  0.68477709892673944     
  0.69061311315596818     
  0.69061311315596940     
  0.69559987728497608     
  0.69559987728497663     
  0.69971410548054014     
  0.69971410548054136     
  0.70293584997485425     
  0.70293584997485481     
  0.70524900340723151     
  0.70524900340723362     
  0.70664172745913167     
  0.70664172745913212     
  0.70710678118654724     
   1.4142135623730951     
   1.4144459936715761     
   1.4144459936715768     
   1.4151409269726833     
   1.4151409269726833     
   1.4162913509656578     
   1.4162913509656578     
   1.4178858101383078     
   1.4178858101383081     
   1.4199087332364442     
   1.4199087332364446     
   1.4223408620780811     
   1.4223408620780815     
   1.4251597541277536     
   1.4251597541277539     
   1.4283403300642963     
   1.4283403300642965     
   1.4318554381358626     
   1.4318554381358628     
   1.4356764099235122     
   1.4356764099235129     
   1.4397735865412544     
   1.4397735865412551     
   1.4441167995307855     
   1.4441167995307858     
   1.4486757960735199     
   1.4486757960735202     
   1.4534206031024191     
   1.4534206031024197     
   1.4583218291001754     
   1.4583218291001760     
   1.4633509056481218     
   1.4633509056481226     
   1.4684802731189825     
   1.4684802731189825     
   1.4736835163669584     
   1.4736835163669590     
   1.4789354570006339     
   1.4789354570006343     
   1.4842122089905494     
   1.4842122089905496     
   1.4894912041238912     
   1.4894912041238919     
   1.4947511933145257     
   1.4947511933145261     
   1.4999722291224225     
   1.4999722291224229     
   1.5051356341196294     
   1.5051356341196300     
   1.5102239590221094     
   1.5102239590221094     
   1.5152209338286400     
   1.5152209338286411     
   1.5201114145930945     
   1.5201114145930950     
   1.5248813279163533     
   1.5248813279163533     
   1.5295176147815108     
   1.5295176147815110     
   1.5340081749681389     
   1.5340081749681389     
   1.5383418129621140     
   1.5383418129621140     
   1.5425081860191479     
   1.5425081860191487     
   1.5464977548343997     
   1.5464977548343997     
   1.5503017371093153     
   1.5503017371093164     
   1.5539120641827038     
   1.5539120641827038     
   1.5573213407991700     
   1.5573213407991702     
   1.5605228080188516     
   1.5605228080188516     
   1.5635103092227050     
   1.5635103092227052     
   1.5662782591335662     
   1.5662782591335671     
   1.5688216157512402     
   1.5688216157512407     
   1.5711358550873813     
   1.5711358550873815     
   1.5732169485806071     
   1.5732169485806073     
   1.5750613430724607     
   1.5750613430724607     
   1.5766659432290777     
   1.5766659432290777     
   1.5780280963006956     
   1.5780280963006965     
   1.5791455791206139     
   1.5791455791206139     
   1.5800165872562399     
   1.5800165872562408     
   1.5806397262370704     
   1.5806397262370706     
   1.5810140047972900     
   1.5810140047972903     
   1.5811388300841898     
