   0.0000000000000000     
   1.4807895400224742E-002
   1.4807895400255512E-002
   2.9605501730574010E-002
   2.9605501730591108E-002
   4.4382516379696382E-002
   4.4382516379710080E-002
   5.9128609656110144E-002
   5.9128609656113579E-002
   7.3833411255403214E-002
   7.3833411255423531E-002
   8.8486496740607226E-002
   8.8486496740610460E-002
  0.10307737404621622     
  0.10307737404623728     
  0.11759547002337954     
  0.11759547002338018     
  0.13203011704966813     
  0.13203011704967374     
  0.14637053973818867     
  0.14637053973819325     
  0.16060584178996337     
  0.16060584178996770     
  0.17472499304825953     
  0.17472499304826275     
  0.18871681682818642     
  0.18871681682818858     
  0.20256997761296866     
  0.20256997761296991     
  0.21627296922867237     
  0.21627296922867631     
  0.22981410363202892     
  0.22981410363203747     
  0.24318150047169101     
  0.24318150047169221     
  0.25636307761164906     
  0.25636307761165045     
  0.26934654283681847     
  0.26934654283682180     
  0.28211938699395545     
  0.28211938699395617     
  0.29466887885709087     
  0.29466887885709092     
  0.30698206204375289     
  0.30698206204375433     
  0.31904575434637145     
  0.31904575434637866     
  0.33084654988091261     
  0.33084654988091711     
  0.34237082449104456     
  0.34237082449104572     
  0.35360474487847959     
  0.35360474487848226     
  0.36453428195702986     
  0.36453428195703302     
  0.37514522894640723     
  0.37514522894640789     
  0.38542322472839791     
  0.38542322472840174     
  0.39535378298031826     
  0.39535378298031876     
  0.40492232757338420     
  0.40492232757338453     
  0.41411423467451586     
  0.41411423467451935     
  0.42291488191381427     
  0.42291488191381910     
  0.43130970487428083     
  0.43130970487428372     
  0.43928426102203005     
  0.43928426102203172     
  0.44682430102307502     
  0.44682430102307719     
  0.45391584718706168     
  0.45391584718706685     
  0.46054527854165528     
  0.46054527854165844     
  0.46669942177875229     
  0.46669942177875368     
  0.47236564703357120     
  0.47236564703357131     
  0.47753196717094099     
  0.47753196717094154     
  0.48218713897403115     
  0.48218713897403204     
  0.48632076437581701     
  0.48632076437581867     
  0.48992338966048027     
  0.48992338966048077     
  0.49298660040904718     
  0.49298660040904863     
  0.49550310988752266     
  0.49550310988752394     
  0.49746683859038943     
  0.49746683859039115     
  0.49887298276648345     
  0.49887298276648617     
  0.49971806997077067     
  0.49971806997077262     
  0.49999999999999950     
   1.4142135623730958     
   1.4143132080782828     
   1.4143132080782848     
   1.4146115180733085     
   1.4146115180733096     
   1.4151066194823920     
   1.4151066194823925     
   1.4157954188694757     
   1.4157954188694757     
   1.4166736433692586     
   1.4166736433692597     
   1.4177358965137279     
   1.4177358965137292     
   1.4189757271133707     
   1.4189757271133718     
   1.4203857092381762     
   1.4203857092381764     
   1.4219575311273718     
   1.4219575311273724     
   1.4236820907430687     
   1.4236820907430692     
   1.4255495956687643     
   1.4255495956687645     
   1.4275496651300743     
   1.4275496651300743     
   1.4296714320683781     
   1.4296714320683785     
   1.4319036434115384     
   1.4319036434115386     
   1.4342347569412501     
   1.4342347569412510     
   1.4366530334361383     
   1.4366530334361385     
   1.4391466230568102     
   1.4391466230568108     
   1.4417036452197576     
   1.4417036452197587     
   1.4443122614699886     
   1.4443122614699886     
   1.4469607410994778     
   1.4469607410994780     
   1.4496375194647664     
   1.4496375194647668     
   1.4523312491297389     
   1.4523312491297389     
   1.4550308440985262     
   1.4550308440985265     
   1.4577255175098724     
   1.4577255175098724     
   1.4604048132409446     
   1.4604048132409453     
   1.4630586319187269     
   1.4630586319187269     
   1.4656772518646641     
   1.4656772518646646     
   1.4682513455070847     
   1.4682513455070856     
   1.4707719917897222     
   1.4707719917897222     
   1.4732306850870827     
   1.4732306850870829     
   1.4756193411113361     
   1.4756193411113370     
   1.4779303002636772     
   1.4779303002636781     
   1.4801563288478476     
   1.4801563288478479     
   1.4822906185265432     
   1.4822906185265434     
   1.4843267843642154     
   1.4843267843642161     
   1.4862588617632799     
   1.4862588617632804     
   1.4880813025659032     
   1.4880813025659034     
   1.4897889705606908     
   1.4897889705606913     
   1.4913771366032595     
   1.4913771366032595     
   1.4928414735318527     
   1.4928414735318527     
   1.4941780510340295     
   1.4941780510340297     
   1.4953833305978708     
   1.4953833305978710     
   1.4964541606610382     
   1.4964541606610386     
   1.4973877720532427     
   1.4973877720532431     
   1.4981817738119725     
   1.4981817738119727     
   1.4988341494375337     
   1.4988341494375339     
   1.4993432536413418     
   1.4993432536413420     
   1.4997078096306893     
   1.4997078096306899     
   1.4999269069637413     
   1.4999269069637418     
   1.5000000000000002     
