# Jmax  =          512
# Nmax  =          100
# N1max =           50
# L     =    0.40000000E+001
# sig   =    0.10000000E+000
# k0    =    0.20000000E+002
# x0    =   -0.50000000E+000
# dt    =    0.10000000E-004
#
# time              <x>               <(x-<x>)**2>
   0.00000000E+000  -0.50000000E+000   0.10000000E-001
   0.50000000E-003  -0.49019195E+000   0.10005627E-001
   0.10000000E-002  -0.48038389E+000   0.10022507E-001
   0.15000000E-002  -0.47057584E+000   0.10050640E-001
   0.20000000E-002  -0.46076778E+000   0.10090026E-001
   0.25000000E-002  -0.45095973E+000   0.10140666E-001
   0.30000000E-002  -0.44115167E+000   0.10202559E-001
   0.35000000E-002  -0.43134362E+000   0.10275706E-001
   0.40000000E-002  -0.42153556E+000   0.10360106E-001
   0.45000000E-002  -0.41172751E+000   0.10455759E-001
   0.50000000E-002  -0.40191945E+000   0.10562665E-001
   0.55000000E-002  -0.39211140E+000   0.10680825E-001
   0.60000000E-002  -0.38230334E+000   0.10810238E-001
   0.65000000E-002  -0.37249529E+000   0.10950904E-001
   0.70000000E-002  -0.36268723E+000   0.11102823E-001
   0.75000000E-002  -0.35287918E+000   0.11265996E-001
   0.80000000E-002  -0.34307112E+000   0.11440422E-001
   0.85000000E-002  -0.33326307E+000   0.11626102E-001
   0.90000000E-002  -0.32345501E+000   0.11823035E-001
   0.95000000E-002  -0.31364696E+000   0.12031221E-001
   0.10000000E-001  -0.30383890E+000   0.12250660E-001
   0.10500000E-001  -0.29403085E+000   0.12481353E-001
   0.11000000E-001  -0.28422279E+000   0.12723299E-001
   0.11500000E-001  -0.27441474E+000   0.12976498E-001
   0.12000000E-001  -0.26460668E+000   0.13240951E-001
   0.12500000E-001  -0.25479863E+000   0.13516656E-001
   0.13000000E-001  -0.24499057E+000   0.13803616E-001
   0.13500000E-001  -0.23518252E+000   0.14101828E-001
   0.14000000E-001  -0.22537446E+000   0.14411294E-001
   0.14500000E-001  -0.21556641E+000   0.14732013E-001
   0.15000000E-001  -0.20575835E+000   0.15063985E-001
   0.15500000E-001  -0.19595030E+000   0.15407211E-001
   0.16000000E-001  -0.18614224E+000   0.15761690E-001
   0.16500000E-001  -0.17633419E+000   0.16127422E-001
   0.17000000E-001  -0.16652613E+000   0.16504408E-001
   0.17500000E-001  -0.15671808E+000   0.16892647E-001
   0.18000000E-001  -0.14691002E+000   0.17292139E-001
   0.18500000E-001  -0.13710197E+000   0.17702884E-001
   0.19000000E-001  -0.12729391E+000   0.18124883E-001
   0.19500000E-001  -0.11748586E+000   0.18558135E-001
   0.20000000E-001  -0.10767780E+000   0.19002641E-001
   0.20500000E-001  -0.97869747E-001   0.19458399E-001
   0.21000000E-001  -0.88061693E-001   0.19925411E-001
   0.21500000E-001  -0.78253638E-001   0.20403676E-001
   0.22000000E-001  -0.68445583E-001   0.20893195E-001
   0.22500000E-001  -0.58637528E-001   0.21393967E-001
   0.23000000E-001  -0.48829473E-001   0.21905992E-001
   0.23500000E-001  -0.39021418E-001   0.22429271E-001
   0.24000000E-001  -0.29213363E-001   0.22963802E-001
   0.24500000E-001  -0.19405308E-001   0.23509587E-001
   0.25000000E-001  -0.95972530E-002   0.24066626E-001
   0.25500000E-001   0.21080191E-003   0.24634917E-001
   0.26000000E-001   0.10018857E-001   0.25214462E-001
   0.26500000E-001   0.19826912E-001   0.25805261E-001
   0.27000000E-001   0.29634967E-001   0.26407312E-001
   0.27500000E-001   0.39443022E-001   0.27020617E-001
   0.28000000E-001   0.49251077E-001   0.27645175E-001
   0.28500000E-001   0.59059132E-001   0.28280987E-001
   0.29000000E-001   0.68867186E-001   0.28928052E-001
   0.29500000E-001   0.78675241E-001   0.29586370E-001
   0.30000000E-001   0.88483296E-001   0.30255941E-001
   0.30500000E-001   0.98291351E-001   0.30936766E-001
   0.31000000E-001   0.10809941E+000   0.31628844E-001
   0.31500000E-001   0.11790746E+000   0.32332175E-001
   0.32000000E-001   0.12771552E+000   0.33046760E-001
   0.32500000E-001   0.13752357E+000   0.33772598E-001
   0.33000000E-001   0.14733163E+000   0.34509689E-001
   0.33500000E-001   0.15713968E+000   0.35258033E-001
   0.34000000E-001   0.16694774E+000   0.36017631E-001
   0.34500000E-001   0.17675579E+000   0.36788482E-001
   0.35000000E-001   0.18656385E+000   0.37570587E-001
   0.35500000E-001   0.19637190E+000   0.38363944E-001
   0.36000000E-001   0.20617996E+000   0.39168555E-001
   0.36500000E-001   0.21598801E+000   0.39984420E-001
   0.37000000E-001   0.22579607E+000   0.40811537E-001
   0.37500000E-001   0.23560412E+000   0.41649908E-001
   0.38000000E-001   0.24541218E+000   0.42499532E-001
   0.38500000E-001   0.25522023E+000   0.43360410E-001
   0.39000000E-001   0.26502829E+000   0.44232541E-001
   0.39500000E-001   0.27483634E+000   0.45115925E-001
   0.40000000E-001   0.28464440E+000   0.46010562E-001
   0.40500000E-001   0.29445245E+000   0.46916453E-001
   0.41000000E-001   0.30426051E+000   0.47833597E-001
   0.41500000E-001   0.31406856E+000   0.48761994E-001
   0.42000000E-001   0.32387661E+000   0.49701645E-001
   0.42500000E-001   0.33368467E+000   0.50652549E-001
   0.43000000E-001   0.34349272E+000   0.51614706E-001
   0.43500000E-001   0.35330078E+000   0.52588116E-001
   0.44000000E-001   0.36310883E+000   0.53572780E-001
   0.44500000E-001   0.37291689E+000   0.54568697E-001
   0.45000000E-001   0.38272494E+000   0.55575868E-001
   0.45500000E-001   0.39253300E+000   0.56594291E-001
   0.46000000E-001   0.40234105E+000   0.57623968E-001
   0.46500000E-001   0.41214911E+000   0.58664899E-001
   0.47000000E-001   0.42195716E+000   0.59717082E-001
   0.47500000E-001   0.43176522E+000   0.60780519E-001
   0.48000000E-001   0.44157327E+000   0.61855209E-001
   0.48500000E-001   0.45138133E+000   0.62941153E-001
   0.49000000E-001   0.46118938E+000   0.64038350E-001
   0.49500000E-001   0.47099744E+000   0.65146800E-001
   0.50000000E-001   0.48080549E+000   0.66266503E-001
