# Jmax  =         1024
# Nmax  =          100
# N1max =           50
# L     =    0.40000000E+001
# sig   =    0.10000000E+000
# k0    =    0.20000000E+002
# x0    =   -0.50000000E+000
# dt    =    0.10000000E-004
#
# time              <x>               <(x-<x>)**2>
   0.00000000E+000  -0.50000000E+000   0.10000000E-001
   0.50000000E-003  -0.49004824E+000   0.10006089E-001
   0.10000000E-002  -0.48009647E+000   0.10024358E-001
   0.15000000E-002  -0.47014471E+000   0.10054805E-001
   0.20000000E-002  -0.46019294E+000   0.10097432E-001
   0.25000000E-002  -0.45024118E+000   0.10152237E-001
   0.30000000E-002  -0.44028942E+000   0.10219221E-001
   0.35000000E-002  -0.43033765E+000   0.10298384E-001
   0.40000000E-002  -0.42038589E+000   0.10389726E-001
   0.45000000E-002  -0.41043412E+000   0.10493247E-001
   0.50000000E-002  -0.40048236E+000   0.10608947E-001
   0.55000000E-002  -0.39053060E+000   0.10736826E-001
   0.60000000E-002  -0.38057883E+000   0.10876884E-001
   0.65000000E-002  -0.37062707E+000   0.11029120E-001
   0.70000000E-002  -0.36067530E+000   0.11193536E-001
   0.75000000E-002  -0.35072354E+000   0.11370130E-001
   0.80000000E-002  -0.34077178E+000   0.11558904E-001
   0.85000000E-002  -0.33082001E+000   0.11759856E-001
   0.90000000E-002  -0.32086825E+000   0.11972988E-001
   0.95000000E-002  -0.31091648E+000   0.12198298E-001
   0.10000000E-001  -0.30096472E+000   0.12435788E-001
   0.10500000E-001  -0.29101296E+000   0.12685456E-001
   0.11000000E-001  -0.28106119E+000   0.12947303E-001
   0.11500000E-001  -0.27110943E+000   0.13221329E-001
   0.12000000E-001  -0.26115766E+000   0.13507534E-001
   0.12500000E-001  -0.25120590E+000   0.13805918E-001
   0.13000000E-001  -0.24125413E+000   0.14116481E-001
   0.13500000E-001  -0.23130237E+000   0.14439223E-001
   0.14000000E-001  -0.22135061E+000   0.14774144E-001
   0.14500000E-001  -0.21139884E+000   0.15121243E-001
   0.15000000E-001  -0.20144708E+000   0.15480522E-001
   0.15500000E-001  -0.19149531E+000   0.15851980E-001
   0.16000000E-001  -0.18154355E+000   0.16235616E-001
   0.16500000E-001  -0.17159179E+000   0.16631432E-001
   0.17000000E-001  -0.16164002E+000   0.17039426E-001
   0.17500000E-001  -0.15168826E+000   0.17459599E-001
   0.18000000E-001  -0.14173649E+000   0.17891952E-001
   0.18500000E-001  -0.13178473E+000   0.18336483E-001
   0.19000000E-001  -0.12183297E+000   0.18793193E-001
   0.19500000E-001  -0.11188120E+000   0.19262082E-001
   0.20000000E-001  -0.10192944E+000   0.19743150E-001
   0.20500000E-001  -0.91977674E-001   0.20236397E-001
   0.21000000E-001  -0.82025910E-001   0.20741823E-001
   0.21500000E-001  -0.72074146E-001   0.21259428E-001
   0.22000000E-001  -0.62122382E-001   0.21789212E-001
   0.22500000E-001  -0.52170618E-001   0.22331174E-001
   0.23000000E-001  -0.42218854E-001   0.22885316E-001
   0.23500000E-001  -0.32267090E-001   0.23451637E-001
   0.24000000E-001  -0.22315326E-001   0.24030136E-001
   0.24500000E-001  -0.12363562E-001   0.24620815E-001
   0.25000000E-001  -0.24117977E-002   0.25223672E-001
   0.25500000E-001   0.75399664E-002   0.25838708E-001
   0.26000000E-001   0.17491730E-001   0.26465924E-001
   0.26500000E-001   0.27443494E-001   0.27105318E-001
   0.27000000E-001   0.37395259E-001   0.27756891E-001
   0.27500000E-001   0.47347023E-001   0.28420643E-001
   0.28000000E-001   0.57298787E-001   0.29096574E-001
   0.28500000E-001   0.67250551E-001   0.29784684E-001
   0.29000000E-001   0.77202315E-001   0.30484973E-001
   0.29500000E-001   0.87154079E-001   0.31197441E-001
   0.30000000E-001   0.97105843E-001   0.31922088E-001
   0.30500000E-001   0.10705761E+000   0.32658913E-001
   0.31000000E-001   0.11700937E+000   0.33407918E-001
   0.31500000E-001   0.12696113E+000   0.34169102E-001
   0.32000000E-001   0.13691290E+000   0.34942464E-001
   0.32500000E-001   0.14686466E+000   0.35728006E-001
   0.33000000E-001   0.15681643E+000   0.36525726E-001
   0.33500000E-001   0.16676819E+000   0.37335625E-001
   0.34000000E-001   0.17671996E+000   0.38157704E-001
   0.34500000E-001   0.18667172E+000   0.38991961E-001
   0.35000000E-001   0.19662348E+000   0.39838397E-001
   0.35500000E-001   0.20657525E+000   0.40697012E-001
   0.36000000E-001   0.21652701E+000   0.41567806E-001
   0.36500000E-001   0.22647878E+000   0.42450779E-001
   0.37000000E-001   0.23643054E+000   0.43345931E-001
   0.37500000E-001   0.24638230E+000   0.44253262E-001
   0.38000000E-001   0.25633407E+000   0.45172772E-001
   0.38500000E-001   0.26628583E+000   0.46104460E-001
   0.39000000E-001   0.27623760E+000   0.47048328E-001
   0.39500000E-001   0.28618936E+000   0.48004375E-001
   0.40000000E-001   0.29614112E+000   0.48972600E-001
   0.40500000E-001   0.30609289E+000   0.49953005E-001
   0.41000000E-001   0.31604465E+000   0.50945588E-001
   0.41500000E-001   0.32599642E+000   0.51950350E-001
   0.42000000E-001   0.33594818E+000   0.52967292E-001
   0.42500000E-001   0.34589994E+000   0.53996412E-001
   0.43000000E-001   0.35585171E+000   0.55037711E-001
   0.43500000E-001   0.36580347E+000   0.56091189E-001
   0.44000000E-001   0.37575524E+000   0.57156846E-001
   0.44500000E-001   0.38570700E+000   0.58234682E-001
   0.45000000E-001   0.39565876E+000   0.59324697E-001
   0.45500000E-001   0.40561053E+000   0.60426891E-001
   0.46000000E-001   0.41556229E+000   0.61541264E-001
   0.46500000E-001   0.42551406E+000   0.62667816E-001
   0.47000000E-001   0.43546582E+000   0.63806546E-001
   0.47500000E-001   0.44541758E+000   0.64957456E-001
   0.48000000E-001   0.45536935E+000   0.66120544E-001
   0.48500000E-001   0.46532111E+000   0.67295812E-001
   0.49000000E-001   0.47527288E+000   0.68483258E-001
   0.49500000E-001   0.48522464E+000   0.69682884E-001
   0.50000000E-001   0.49517640E+000   0.70894688E-001
