  4.0000000000000000E+00 -5.5727283271971051E-01  1.7119161089611218E-01
  3.9900000000000002E+00 -5.5899044669525422E-01  1.7233319567560168E-01
  3.9800000000000004E+00 -5.6071953716209433E-01  1.7348693923371081E-01
  3.9700000000000006E+00 -5.6246022661626749E-01  1.7465302381393055E-01
  3.9600000000000009E+00 -5.6421263939419997E-01  1.7583163526572310E-01
  3.9500000000000011E+00 -5.6597690170922221E-01  1.7702296313593560E-01
  3.9400000000000013E+00 -5.6775314168900937E-01  1.7822720076282120E-01
  3.9300000000000015E+00 -5.6954148941397920E-01  1.7944454537325194E-01
  3.9200000000000017E+00 -5.7134207695668504E-01  1.8067519818321251E-01
  3.9100000000000019E+00 -5.7315503842220550E-01  1.8191936450129007E-01
  3.9000000000000021E+00 -5.7498050998962080E-01  1.8317725383594680E-01
  3.8900000000000023E+00 -5.7681862995454947E-01  1.8444908000587207E-01
  3.8800000000000026E+00 -5.7866953877282845E-01  1.8573506125464265E-01
  3.8700000000000028E+00 -5.8053337910534175E-01  1.8703542036874490E-01
  3.8600000000000030E+00 -5.8241029586406223E-01  1.8835038479996358E-01
  3.8500000000000032E+00 -5.8430043625932826E-01  1.8968018679169282E-01
  3.8400000000000034E+00 -5.8620394984842417E-01  1.9102506351017823E-01
  3.8300000000000036E+00 -5.8812098858545836E-01  1.9238525717955776E-01
  3.8200000000000038E+00 -5.9005170687266562E-01  1.9376101522248576E-01
  3.8100000000000041E+00 -5.9199626161309804E-01  1.9515259040534313E-01
  3.8000000000000043E+00 -5.9395481226481350E-01  1.9656024098883193E-01
  3.7900000000000045E+00 -5.9592752089659951E-01  1.9798423088383865E-01
  3.7800000000000047E+00 -5.9791455224527423E-01  1.9942482981364507E-01
  3.7700000000000049E+00 -5.9991607377464873E-01  2.0088231348141317E-01
  3.7600000000000051E+00 -6.0193225573618392E-01  2.0235696374451795E-01
  3.7500000000000053E+00 -6.0396327123144045E-01  2.0384906879519579E-01
  3.7400000000000055E+00 -6.0600929627634792E-01  2.0535892334851716E-01
  3.7300000000000058E+00 -6.0807050986742461E-01  2.0688682883718662E-01
  3.7200000000000060E+00 -6.1014709404992828E-01  2.0843309361419368E-01
  3.7100000000000062E+00 -6.1223923398813329E-01  2.0999803316373902E-01
  3.7000000000000064E+00 -6.1434711803771780E-01  2.1158197032014847E-01
  3.6900000000000066E+00 -6.1647093782040052E-01  2.1318523549623969E-01
  3.6800000000000068E+00 -6.1861088830090649E-01  2.1480816692044982E-01
  3.6700000000000070E+00 -6.2076716786635111E-01  2.1645111088447050E-01
  3.6600000000000072E+00 -6.2293997840814863E-01  2.1811442200062656E-01
  3.6500000000000075E+00 -6.2512952540655808E-01  2.1979846347079668E-01
  3.6400000000000077E+00 -6.2733601801796524E-01  2.2150360736645736E-01
  3.6300000000000079E+00 -6.2955966916503314E-01  2.2323023492135624E-01
  3.6200000000000081E+00 -6.3180069562984009E-01  2.2497873683667069E-01
  3.6100000000000083E+00 -6.3405931815013661E-01  2.2674951359999354E-01
  3.6000000000000085E+00 -6.3633576151886362E-01  2.2854297581896121E-01
  3.5900000000000087E+00 -6.3863025468708368E-01  2.3035954456974769E-01
  3.5800000000000090E+00 -6.4094303087048399E-01  2.3219965176229701E-01
  3.5700000000000092E+00 -6.4327432765959669E-01  2.3406374052192053E-01
  3.5600000000000094E+00 -6.4562438713394510E-01  2.3595226558989787E-01
  3.5500000000000096E+00 -6.4799345598029201E-01  2.3786569374315900E-01
  3.5400000000000098E+00 -6.5038178561516369E-01  2.3980450423407595E-01
  3.5300000000000100E+00 -6.5278963231190890E-01  2.4176918925271712E-01
  3.5200000000000102E+00 -6.5521725733247327E-01  2.4376025441194640E-01
  3.5100000000000104E+00 -6.5766492706416146E-01  2.4577821925733151E-01
  3.5000000000000107E+00 -6.6013291316161893E-01  2.4782361780335060E-01
  3.4900000000000109E+00 -6.6262149269431991E-01  2.4989699909785992E-01
  3.4800000000000111E+00 -6.6513094829984887E-01  2.5199892781626237E-01
  3.4700000000000113E+00 -6.6766156834327672E-01  2.5412998488793259E-01
  3.4600000000000115E+00 -6.7021364708297537E-01  2.5629076815666285E-01
  3.4500000000000117E+00 -6.7278748484321249E-01  2.5848189307775182E-01
  3.4400000000000119E+00 -6.7538338819392441E-01  2.6070399345428508E-01
  3.4300000000000122E+00 -6.7800167013803070E-01  2.6295772221509589E-01
  3.4200000000000124E+00 -6.8064265030678772E-01  2.6524375223801461E-01
  3.4100000000000126E+00 -6.8330665516357603E-01  2.6756277722093358E-01
  3.4000000000000128E+00 -6.8599401821668482E-01  2.6991551260490015E-01
  3.3900000000000130E+00 -6.8870508024157995E-01  2.7230269655269518E-01
  3.3800000000000132E+00 -6.9144018951326514E-01  2.7472509098692510E-01
  3.3700000000000134E+00 -6.9419970204933223E-01  2.7718348269273541E-01
  3.3600000000000136E+00 -6.9698398186439281E-01  2.7967868448954403E-01
  3.3500000000000139E+00 -6.9979340123658207E-01  2.8221153647721930E-01
  3.3400000000000141E+00 -7.0262834098692917E-01  2.8478290736301953E-01
  3.3300000000000143E+00 -7.0548919077242633E-01  2.8739369587480484E-01
  3.3200000000000145E+00 -7.0837634939368477E-01  2.9004483226841182E-01
  3.3100000000000147E+00 -7.1129022511816853E-01  2.9273727993579701E-01
  3.3000000000000149E+00 -7.1423123602005756E-01  2.9547203712312142E-01
  3.2900000000000151E+00 -7.1719981033786029E-01  2.9825013876688033E-01
  3.2800000000000153E+00 -7.2019638685102905E-01  3.0107265845866971E-01
  3.2700000000000156E+00 -7.2322141527691830E-01  3.0394071054878208E-01
  3.2600000000000158E+00 -7.2627535668949816E-01  3.0685545240058987E-01
  3.2500000000000160E+00 -7.2935868396144987E-01  3.0981808680876921E-01
  3.2400000000000162E+00 -7.3247188223128812E-01  3.1282986459475998E-01
  3.2300000000000164E+00 -7.3561544939741896E-01  3.1589208739582519E-01
  3.2200000000000166E+00 -7.3878989664109285E-01  3.1900611066340961E-01
  3.2100000000000168E+00 -7.4199574898049692E-01  3.2217334689032229E-01
  3.2000000000000171E+00 -7.4523354585832569E-01  3.2539526908627159E-01
  3.1900000000000173E+00 -7.4850384176544416E-01  3.2867341452423898E-01
  3.1800000000000175E+00 -7.5180720690347314E-01  3.3200938878182773E-01
  3.1700000000000177E+00 -7.5514422788937141E-01  3.3540487010461112E-01
  3.1600000000000179E+00 -7.5851550850538119E-01  3.3886161412029303E-01
  3.1500000000000181E+00 -7.6192167049800630E-01  3.4238145893629146E-01
  3.1400000000000183E+00 -7.6536335443001802E-01  3.4596633065577026E-01
  3.1300000000000185E+00 -7.6884122058988735E-01  3.4961824935079178E-01
  3.1200000000000188E+00 -7.7235594996340051E-01  3.5333933553550434E-01
  3.1100000000000190E+00 -7.7590824527270474E-01  3.5713181718570997E-01
  3.1000000000000192E+00 -7.7949883208848558E-01  3.6099803735608105E-01
  3.0900000000000194E+00 -7.8312846002154923E-01  3.6494046245179329E-01
  3.0800000000000196E+00 -7.8679790400063709E-01  3.6896169121578209E-01
  3.0700000000000198E+00 -7.9050796564397385E-01  3.7306446449978875E-01
  3.0600000000000200E+00 -7.9425947473275627E-01  3.7725167589360237E-01
  3.0500000000000203E+00 -7.9805329079555820E-01  3.8152638329376204E-01
  3.0400000000000205E+00 -8.0189030481349144E-01  3.8589182150141749E-01
  3.0300000000000207E+00 -8.0577144105688780E-01  3.9035141594694017E-01
  3.0200000000000209E+00 -8.0969765906531388E-01  3.9490879764848491E-01
  3.0100000000000211E+00 -8.1366995578381840E-01  3.9956781952125786E-01
  3.0000000000000213E+00 -8.1768936786954538E-01  4.0433257416528867E-01
  2.9900000000000215E+00 -8.2175697418421378E-01  4.0920741327076809E-01
  2.9800000000000217E+00 -8.2587389848933346E-01  4.1419696879209539E-01
  2.9700000000000220E+00 -8.3004131236271395E-01  4.1930617605481496E-01
  2.9600000000000222E+00 -8.3426043835641650E-01  4.2454029897336820E-01
  2.9500000000000224E+00 -8.3853255341824362E-01  4.2990495757121600E-01
  2.9400000000000226E+00 -8.4285899260080377E-01  4.3540615800986671E-01
  2.9300000000000228E+00 -8.4724115308430126E-01  4.4105032534761818E-01
  2.9200000000000230E+00 -8.5168049854155492E-01  4.4684433926339445E-01
  2.9100000000000232E+00 -8.5617856387611901E-01  4.5279557299522660E-01
  2.9000000000000234E+00 -8.6073696036692415E-01  4.5891193575494216E-01
  2.8900000000000237E+00 -8.6535738125560702E-01  4.6520191889213652E-01
  2.8800000000000239E+00 -8.7004160781537310E-01  4.7167464608790316E-01
  2.8700000000000241E+00 -8.7479151594314331E-01  4.7833992786268231E-01
  2.8600000000000243E+00 -8.7960908331951393E-01  4.8520832068042713E-01
  2.8500000000000245E+00 -8.8449639718390005E-01  4.9229119092184043E-01
  2.8400000000000247E+00 -8.8945566277480437E-01  4.9960078397881152E-01
  2.8300000000000249E+00 -8.9448921248757429E-01  5.0715029868910322E-01
  2.8200000000000252E+00 -8.9959951580393283E-01  5.1495396727919074E-01
  2.8100000000000254E+00 -9.0478919004891389E-01  5.2302714090987723E-01
  2.8000000000000256E+00 -9.1006101203127099E-01  5.3138638081805545E-01
  2.7900000000000258E+00 -9.1541793062279675E-01  5.4004955491121842E-01
  2.7800000000000260E+00 -9.2086308032953224E-01  5.4903593948953389E-01
  2.7700000000000262E+00 -9.2639979590365940E-01  5.5836632553549337E-01
  2.7600000000000264E+00 -9.3203162803765571E-01  5.6806312870627962E-01
  2.7500000000000266E+00 -9.3776236017184889E-01  5.7815050177863248E-01
  2.7400000000000269E+00 -9.4359602643171903E-01  5.8865444781007359E-01
  2.7300000000000271E+00 -9.4953693069086087E-01  5.9960293167277079E-01
  2.7200000000000273E+00 -9.5558966672868662E-01  6.1102598686725473E-01
  2.7100000000000275E+00 -9.6175913941630564E-01  6.2295581360230456E-01
  2.7000000000000277E+00 -9.6805058681873302E-01  6.3542686300963247E-01
  2.6900000000000279E+00 -9.7446960304351882E-01  6.4847590101537067E-01
  2.6800000000000281E+00 -9.8102216159344702E-01  6.6214204378432107E-01
  2.6700000000000284E+00 -9.8771463889084199E-01  6.7646675475905216E-01
  2.6600000000000286E+00 -9.9455383753046878E-01  6.9149379110910802E-01
  2.6500000000000288E+00 -1.0015470086837972E+00  7.0726908487081819E-01
  2.6400000000000290E+00 -1.0087018729161150E+00  7.2384054119782415E-01
  2.6300000000000292E+00 -1.0160266384867080E+00  7.4125773297902964E-01
  2.6200000000000294E+00 -1.0235300159778575E+00  7.5957146767899286E-01
  2.6100000000000296E+00 -1.0312212278395521E+00  7.7883319872526113E-01
  2.6000000000000298E+00 -1.0391100111423959E+00  7.9909425029074721E-01
  2.5900000000000301E+00 -1.0472066115035108E+00  8.2040482116739899E-01
  2.5800000000000303E+00 -1.0555217657943115E+00  8.4281273098587794E-01
  2.5700000000000305E+00 -1.0640666708640945E+00  8.6636187083021543E-01
  2.5600000000000307E+00 -1.0728529351356582E+00  8.9109032101184116E-01
  2.5500000000000309E+00 -1.0818925095715306E+00  9.1702810226847431E-01
  2.5400000000000311E+00 -1.0911975942049650E+00  9.4419453397984099E-01
  2.5300000000000313E+00 -1.1007805162229036E+00  9.7259518533736211E-01
  2.5200000000000315E+00 -1.1106535755348057E+00  1.0022184240484631E+00
  2.5100000000000318E+00 -1.1208288539313027E+00  1.0330315933474432E+00
  2.5000000000000320E+00 -1.1313179844106940E+00  1.0649768828533310E+00
  2.4900000000000322E+00 -1.1421318781185033E+00  1.0979670026956079E+00
  2.4800000000000324E+00 -1.1532804076959799E+00  1.1318808230055251E+00
  2.4700000000000326E+00 -1.1647720477489358E+00  1.1665592007446828E+00
  2.4600000000000328E+00 -1.1766134756853064E+00  1.2018012795684812E+00
  2.4500000000000330E+00 -1.1888091393415308E+00  1.2373616105037011E+00
  2.4400000000000333E+00 -1.2013608015702535E+00  1.2729484937644202E+00
  2.4300000000000335E+00 -1.2142670761503642E+00  1.3082239748565256E+00
  2.4200000000000337E+00 -1.2275229737496658E+00  1.3428059293709589E+00
  2.4100000000000339E+00 -1.2411194808430186E+00  1.3762726283024838E+00
  2.4000000000000341E+00 -1.2550431979711592E+00  1.4081700787814952E+00
  2.3900000000000343E+00 -1.2692760659380007E+00  1.4380222775499409E+00
  2.3800000000000345E+00 -1.2837952088787652E+00  1.4653442974586881E+00
  2.3700000000000347E+00 -1.2985729210396808E+00  1.4896578618171965E+00
  2.3600000000000350E+00 -1.3135768192109476E+00  1.5105087701710502E+00
  2.3500000000000352E+00 -1.3287701749499563E+00  1.5274852555192684E+00
  2.3400000000000354E+00 -1.3441124302992657E+00  1.5402361182466431E+00
  2.3300000000000356E+00 -1.3595598883476212E+00  1.5484873388374585E+00
  2.3200000000000358E+00 -1.3750665568071534E+00  1.5520558558926791E+00
  2.3100000000000360E+00 -1.3905851101834539E+00  1.5508593290950625E+00
  2.3000000000000362E+00 -1.4060679255998074E+00  1.5449209875972238E+00
  2.2900000000000365E+00 -1.4214681402705998E+00  1.5343690670178418E+00
  2.2800000000000367E+00 -1.4367406759959154E+00  1.5194308145438933E+00
  2.2700000000000369E+00 -1.4518431782981098E+00  1.5004215285876172E+00
  2.2600000000000371E+00 -1.4667368247153709E+00  1.4777295309259464E+00
  2.2500000000000373E+00 -1.4813869674554316E+00  1.4517982885533449E+00
  2.2400000000000375E+00 -1.4957635887691849E+00  1.4231070726931783E+00
  2.2300000000000377E+00 -1.5098415614584790E+00  1.3921515521639685E+00
  2.2200000000000379E+00 -1.5236007203316040E+00  1.3594255816811074E+00
  2.2100000000000382E+00 -1.5370257618575522E+00  1.3254051970122642E+00
  2.2000000000000384E+00 -1.5501059978501659E+00  1.2905355140698518E+00
  2.1900000000000386E+00 -1.5628349943147566E+00  1.2552208959200528E+00
  2.1800000000000388E+00 -1.5752101286473876E+00  1.2198184420460940E+00
  2.1700000000000390E+00 -1.5872320975866512E+00  1.1846345982192319E+00
  2.1600000000000392E+00 -1.5989044053107129E+00  1.1499244995925091E+00
  2.1500000000000394E+00 -1.6102328565797044E+00  1.1158935479236953E+00
  2.1400000000000396E+00 -1.6212250745609857E+00  1.0827006799007781E+00
  2.1300000000000399E+00 -1.6318900575607567E+00  1.0504627947017759E+00
  2.1200000000000401E+00 -1.6422377837940214E+00  1.0192598596331266E+00
  2.1100000000000403E+00 -1.6522788688731780E+00  9.8914028745017135E-01
  2.1000000000000405E+00 -1.6620242770540918E+00  9.6012626425402003E-01
  2.0900000000000407E+00 -1.6714850844975169E+00  9.3221879218092429E-01
  2.0800000000000409E+00 -1.6806722908446796E+00  9.0540228921689803E-01
  2.0700000000000411E+00 -1.6895966741732273E+00  8.7964865515114987E-01
  2.0600000000000414E+00 -1.6982686837682586E+00  8.5492076613827439E-01
  2.0500000000000416E+00 -1.7066983649798431E+00  8.3117540056988160E-01
  2.0400000000000418E+00 -1.7148953106155524E+00  8.0836562712393034E-01
  2.0300000000000420E+00 -1.7228686337224184E+00  7.8644270375768344E-01
  2.0200000000000422E+00 -1.7306269571547652E+00  7.6535754606907846E-01
  2.0100000000000424E+00 -1.7381784159300180E+00  7.4506182686517242E-01
  2.0000000000000426E+00 -1.7455306689908874E+00  7.2550876773665074E-01
  1.9900000000000426E+00 -1.7526909175822492E+00  7.0665367945382140E-01
  1.9800000000000426E+00 -1.7596659279916276E+00  6.8845430227461712E-01
  1.9700000000000426E+00 -1.7664620568807079E+00  6.7087099069922662E-01
  1.9600000000000426E+00 -1.7730852778468893E+00  6.5386678047371627E-01
  1.9500000000000426E+00 -1.7795412081992548E+00  6.3740736917604024E-01
  1.9400000000000426E+00 -1.7858351352164266E+00  6.2146103578460976E-01
  1.9300000000000426E+00 -1.7919720413809936E+00  6.0599851937754312E-01
  1.9200000000000426E+00 -1.7979566282633732E+00  5.9099287259352917E-01
  1.9100000000000426E+00 -1.8037933388648413E+00  5.7641930169575095E-01
  1.9000000000000425E+00 -1.8094863783317212E+00  5.6225500196986833E-01
  1.8900000000000425E+00 -1.8150397330270809E+00  5.4847899468824934E-01
  1.8800000000000425E+00 -1.8204571879983749E+00  5.3507196990412875E-01
  1.8700000000000425E+00 -1.8257423429141246E+00  5.2201613782111889E-01
  1.8600000000000425E+00 -1.8308986265642591E+00  5.0929509033821196E-01
  1.8500000000000425E+00 -1.8359293100301908E+00  4.9689367352730135E-01
  1.8400000000000425E+00 -1.8408375186352011E+00  4.8479787119849327E-01
  1.8300000000000425E+00 -1.8456262427849421E+00  4.7299469929348320E-01
  1.8200000000000425E+00 -1.8502983478039143E+00  4.6147211057739079E-01
  1.8100000000000425E+00 -1.8548565828674857E+00  4.5021890893617073E-01
  1.8000000000000425E+00 -1.8593035891217169E+00  4.3922467250312403E-01
  1.7900000000000424E+00 -1.8636419070752339E+00  4.2847968480942694E-01
  1.7800000000000424E+00 -1.8678739833394102E+00  4.1797487316542747E-01
  1.7700000000000424E+00 -1.8720021767853323E+00  4.0770175351311605E-01
  1.7600000000000424E+00 -1.8760287641786755E+00  3.9765238104329542E-01
  1.7500000000000424E+00 -1.8799559453468497E+00  3.8781930592783931E-01
  1.7400000000000424E+00 -1.8837858479265628E+00  3.7819553358090752E-01
  1.7300000000000424E+00 -1.8875205317344386E+00  3.6877448892296588E-01
  1.7200000000000424E+00 -1.8911619927983097E+00  3.5954998418127215E-01
  1.7100000000000424E+00 -1.8947121670824649E+00  3.5051618981408372E-01
  1.7000000000000424E+00 -1.8981729339362254E+00  3.4166760819670994E-01
  1.6900000000000424E+00 -1.9015461192918468E+00  3.3299904975074279E-01
  1.6800000000000423E+00 -1.9048334986347624E+00  3.2450561123980892E-01
  1.6700000000000423E+00 -1.9080367997665837E+00  3.1618265598799744E-01
  1.6600000000000423E+00 -1.9111577053790136E+00  3.0802579580976380E-01
  1.6500000000000423E+00 -1.9141978554548218E+00  3.0003087446518267E-01
  1.6400000000000423E+00 -1.9171588495103276E+00  2.9219395247949026E-01
  1.6300000000000423E+00 -1.9200422486922881E+00  2.8451129318407914E-01
  1.6200000000000423E+00 -1.9228495777407879E+00  2.7697934985455064E-01
  1.6100000000000423E+00 -1.9255823268285290E+00  2.6959475383640935E-01
  1.6000000000000423E+00 -1.9282419532859034E+00  2.6235430356162970E-01
  1.5900000000000423E+00 -1.9308298832203301E+00  2.5525495437015472E-01
  1.5800000000000423E+00 -1.9333475130375128E+00  2.4829380906078730E-01
  1.5700000000000423E+00 -1.9357962108715652E+00  2.4146810910458227E-01
  1.5600000000000422E+00 -1.9381773179303297E+00  2.3477522645902896E-01
  1.5500000000000422E+00 -1.9404921497616210E+00  2.2821265593121295E-01
  1.5400000000000422E+00 -1.9427419974456333E+00  2.2177800803981843E-01
  1.5300000000000422E+00 -1.9449281287182889E+00  2.1546900233401925E-01
  1.5200000000000422E+00 -1.9470517890298904E+00  2.0928346112933521E-01
  1.5100000000000422E+00 -1.9491142025430659E+00  2.0321930362547316E-01
  1.5000000000000422E+00 -1.9511165730736733E+00  1.9727454037395020E-01
  1.4900000000000422E+00 -1.9530600849780044E+00  1.9144726806672810E-01
  1.4800000000000422E+00 -1.9549459039893691E+00  1.8573566461929431E-01
  1.4700000000000422E+00 -1.9567751780068818E+00  1.8013798452432855E-01
  1.4600000000000422E+00 -1.9585490378390495E+00  1.7465255445368061E-01
  1.4500000000000421E+00 -1.9602685979045287E+00  1.6927776908921396E-01
  1.4400000000000421E+00 -1.9619349568922668E+00  1.6401208716363680E-01
  1.4300000000000421E+00 -1.9635491983830264E+00  1.5885402769493373E-01
  1.4200000000000421E+00 -1.9651123914341579E+00  1.5380216639902261E-01
  1.4100000000000421E+00 -1.9666255911293291E+00  1.4885513226592517E-01
  1.4000000000000421E+00 -1.9680898390947865E+00  1.4401160428746593E-01
  1.3900000000000421E+00 -1.9695061639835898E+00  1.3927030832390677E-01
  1.3800000000000421E+00 -1.9708755819291737E+00  1.3463001409846445E-01
  1.3700000000000421E+00 -1.9721990969694416E+00  1.3008953231050963E-01
  1.3600000000000421E+00 -1.9734777014425522E+00  1.2564771185672147E-01
  1.3500000000000421E+00 -1.9747123763554209E+00  1.2130343715367485E-01
  1.3400000000000420E+00 -1.9759040917259159E+00  1.1705562555185380E-01
  1.3300000000000420E+00 -1.9770538068996304E+00  1.1290322483548948E-01
  1.3200000000000420E+00 -1.9781624708420487E+00  1.0884521080126612E-01
  1.3100000000000420E+00 -1.9792310224068661E+00  1.0488058490937430E-01
  1.3000000000000420E+00 -1.9802603905811660E+00  1.0100837200199413E-01
  1.2900000000000420E+00 -1.9812514947080928E+00  9.7227618084080342E-02
  1.2800000000000420E+00 -1.9822052446876235E+00  9.3537388161778826E-02
  1.2700000000000420E+00 -1.9831225411559978E+00  8.9936764134500885E-02
  1.2600000000000420E+00 -1.9840042756443217E+00  8.6424842736945021E-02
  1.2500000000000420E+00 -1.9848513307168263E+00  8.3000733528081641E-02
  1.2400000000000420E+00 -1.9856645800892418E+00  7.9663556924312942E-02
  1.2300000000000419E+00 -1.9864448887277062E+00  7.6412442273420228E-02
  1.2200000000000419E+00 -1.9871931129286220E+00  7.3246525969201004E-02
  1.2100000000000419E+00 -1.9879101003798418E+00  7.0164949603070834E-02
  1.2000000000000419E+00 -1.9885966902035568E+00  6.7166858152496928E-02
  1.1900000000000419E+00 -1.9892537129812504E+00  6.4251398205157295E-02
  1.1800000000000419E+00 -1.9898819907610670E+00  6.1417716218507369E-02
  1.1700000000000419E+00 -1.9904823370479501E+00  5.8664956813574309E-02
  1.1600000000000419E+00 -1.9910555567768957E+00  5.5992261104314045E-02
  1.1500000000000419E+00 -1.9916024462696784E+00  5.3398765062847228E-02
  1.1400000000000419E+00 -1.9921237931754057E+00  5.0883597920570449E-02
  1.1300000000000419E+00 -1.9926203763952790E+00  4.8445880607699172E-02
  1.1200000000000419E+00 -1.9930929659919416E+00  4.6084724232423421E-02
  1.1100000000000418E+00 -1.9935423230838234E+00  4.3799228601111483E-02
  1.1000000000000418E+00 -1.9939691997249107E+00  4.1588480782802806E-02
  1.0900000000000418E+00 -1.9943743387703896E+00  3.9451553721545893E-02
  1.0800000000000418E+00 -1.9947584737286572E+00  3.7387504896503013E-02
  1.0700000000000418E+00 -1.9951223286002082E+00  3.5395375038610830E-02
  1.0600000000000418E+00 -1.9954666177039633E+00  3.3474186902622778E-02
  1.0500000000000418E+00 -1.9957920454916314E+00  3.1622944102806097E-02
  1.0400000000000418E+00 -1.9960993063507546E+00  2.9840630014364190E-02
  1.0300000000000418E+00 -1.9963890843971277E+00  2.8126206747918669E-02
  1.0200000000000418E+00 -1.9966620532573423E+00  2.6478614200653987E-02
  1.0100000000000418E+00 -1.9969188758422542E+00  2.4896769191739498E-02
  1.0000000000000417E+00 -1.9971602041122503E+00  2.3379564686504060E-02
  9.9000000000004174E-01 -1.9973866788352317E+00  2.1925869117849210E-02
  9.8000000000004173E-01 -1.9975989293383196E+00  2.0534525809781941E-02
  9.7000000000004172E-01 -1.9977975732543425E+00  1.9204352511542889E-02
  9.6000000000004171E-01 -1.9979832162642448E+00  1.7934141049252884E-02
  9.5000000000004170E-01 -1.9981564518366304E+00  1.6722657102184655E-02
  9.4000000000004169E-01 -1.9983178609657246E+00  1.5568640111977962E-02
  9.3000000000004168E-01 -1.9984680119091243E+00  1.4470803331069383E-02
  9.2000000000004167E-01 -1.9986074599267654E+00  1.3427834020576302E-02
  9.1000000000004166E-01 -1.9987367470226380E+00  1.2438393802341307E-02
  9.0000000000004166E-01 -1.9988564016908295E+00  1.1501119173914005E-02
  8.9000000000004165E-01 -1.9989669386675646E+00  1.0614622193544606E-02
  8.8000000000004164E-01 -1.9990688586909702E+00  9.7774913423444854E-03
  8.7000000000004163E-01 -1.9991626482703690E+00  8.9882925677235073E-03
  8.6000000000004162E-01 -1.9992487794669476E+00  8.2455705166986186E-03
  8.5000000000004161E-01 -1.9993277096877167E+00  7.5478499607181193E-03
  8.4000000000004160E-01 -1.9993998814947016E+00  6.8936374182285362E-03
  8.3000000000004159E-01 -1.9994657224313506E+00  6.2814229757536047E-03
  8.2000000000004158E-01 -1.9995256448681620E+00  5.7096823101705253E-03
  8.1000000000004158E-01 -1.9995800458695330E+00  5.1768789117536025E-03
  8.0000000000004157E-01 -1.9996293070838322E+00  4.6814665046313458E-03
  7.9000000000004156E-01 -1.9996737946586634E+00  4.2218916632624599E-03
  7.8000000000004155E-01 -1.9997138591832413E+00  3.7965966189416689E-03
  7.7000000000004154E-01 -1.9997498356597450E+00  3.4040222451283109E-03
  7.6000000000004153E-01 -1.9997820435053955E+00  3.0426112168786003E-03
  7.5000000000004152E-01 -1.9998107865869241E+00  2.7108113261885762E-03
  7.4000000000004151E-01 -1.9998363532889187E+00  2.4070789401290957E-03
  7.3000000000004150E-01 -1.9998590166173971E+00  2.1298825833747999E-03
  7.2000000000004150E-01 -1.9998790343397308E+00  1.8777066234665766E-03
  7.1000000000004149E-01 -1.9998966491618306E+00  1.6490550333727249E-03
  7.0000000000004148E-01 -1.9999120889432420E+00  1.4424552050015867E-03
  6.9000000000004147E-01 -1.9999255669505054E+00  1.2564617847390434E-03
  6.8000000000004146E-01 -1.9999372821488284E+00  1.0896604938789116E-03
  6.7000000000004145E-01 -1.9999474195317655E+00  9.4067190335460598E-04
  6.6000000000004144E-01 -1.9999561504882424E+00  8.0815512141971778E-04
  6.5000000000004143E-01 -1.9999636332058595E+00  6.9081135618740915E-04
  6.4000000000004142E-01 -1.9999700131090177E+00  5.8738730968891436E-04
  6.3000000000004142E-01 -1.9999754233299845E+00  4.9667836427962249E-04
  6.2000000000004141E-01 -1.9999799852105937E+00  4.1753151615368616E-04
  6.1000000000004140E-01 -1.9999838088318493E+00  3.4884801717383827E-04
  6.0000000000004139E-01 -1.9999869935683066E+00  2.8958568017020653E-04
  5.9000000000004138E-01 -1.9999896286636814E+00  2.3876081385785432E-04
  5.8000000000004137E-01 -1.9999917938238041E+00  1.9544975163678275E-04
  5.7000000000004136E-01 -1.9999935598226890E+00  1.5878994118820664E-04
  5.6000000000004135E-01 -1.9999949891172220E+00  1.2798057380156616E-04
  5.5000000000004134E-01 -1.9999961364657430E+00  1.0228273319814949E-04
  5.4000000000004134E-01 -1.9999970495456685E+00  8.1019052671019921E-05
  5.3000000000004133E-01 -1.9999977695652198E+00  6.3572880117057800E-05
  5.2000000000004132E-01 -1.9999983318643508E+00  4.9386953531508341E-05
  5.1000000000004131E-01 -1.9999987665000811E+00  3.7961611099909524E-05
  5.0000000000004130E-01 -1.9999990988116572E+00  2.8852552529116001E-05
  4.9000000000004129E-01 -1.9999993499612847E+00  2.1668197593145516E-05
  4.8000000000004128E-01 -1.9999995374465671E+00  1.6066678250974696E-05
  4.7000000000004127E-01 -1.9999996755813174E+00  1.1752528946392361E-05
  4.6000000000004126E-01 -1.9999997759419677E+00  8.4731303066965091E-06
  4.5000000000004126E-01 -1.9999998477774756E+00  6.0149740082363033E-06
  4.4000000000004125E-01 -1.9999998983813267E+00  4.1998289361880616E-06
  4.3000000000004124E-01 -1.9999999334249494E+00  2.8808724738341718E-06
  4.2000000000004123E-01 -1.9999999572526317E+00  1.9388690228320221E-06
  4.1000000000004122E-01 -1.9999999731387130E+00  1.2784591037426305E-06
  4.0000000000004121E-01 -1.9999999835085249E+00  8.2462997627799570E-07
  3.9000000000004120E-01 -1.9999999901251388E+00  5.1941549305231417E-07
  3.8000000000004119E-01 -1.9999999942444979E+00  3.1887726865536125E-07
  3.7000000000004118E-01 -1.9999999967418931E+00  1.9039898830757301E-07
  3.6000000000004118E-01 -1.9999999982130148E+00  1.1031016071665088E-07
  3.5000000000004117E-01 -1.9999999990529496E+00  6.1849524055159085E-08
  3.4000000000004116E-01 -1.9999999995164890E+00  3.3461243963949804E-08
  3.3000000000004115E-01 -1.9999999997630011E+00  1.7410635924925960E-08
  3.2000000000004114E-01 -1.9999999998888951E+00  8.6799783255041326E-09
  3.1000000000004113E-01 -1.9999999999503988E+00  4.1293129984460260E-09
  3.0000000000004112E-01 -1.9999999999790150E+00  1.8650730639376238E-09
  2.9000000000004111E-01 -1.9999999999916334E+00  7.9582161284010745E-10
  2.8000000000004110E-01 -1.9999999999968763E+00  3.1826528768922405E-10
  2.7000000000004110E-01 -1.9999999999989158E+00  1.1894814110624367E-10
  2.6000000000004109E-01 -1.9999999999996532E+00  4.1348664162913534E-11
  2.5000000000004108E-01 -1.9999999999998987E+00  1.2363394059264597E-11
  2.4000000000004107E-01 -1.9999999999999734E+00  3.8592622225912968E-12
  2.3000000000004106E-01 -1.9999999999999938E+00  6.9840429866572676E-13
  2.2000000000004105E-01 -1.9999999999999987E+00  8.1074693821075979E-13
  2.1000000000004104E-01 -1.9999999999999996E+00  3.0605103255379899E-13
  2.0000000000004103E-01 -2.0000000000000000E+00  5.8956077795319746E-13
  1.9000000000004102E-01 -2.0000000000000000E+00 -1.1258214503562008E-12
  1.8000000000004102E-01 -2.0000000000000000E+00 -9.9623087459625244E-13
  1.7000000000004101E-01 -2.0000000000000000E+00 -1.6096407433670681E-12
  1.6000000000004100E-01 -2.0000000000000000E+00 -1.2065468986579161E-13
  1.5000000000004099E-01 -2.0000000000000000E+00 -1.6866803293144731E-12
  1.4000000000004098E-01 -2.0000000000000000E+00  1.3461238544143002E-13
  1.3000000000004097E-01 -2.0000000000000000E+00 -3.4451804997117335E-13
  1.2000000000004098E-01 -2.0000000000000000E+00 -1.8545765530004119E-12
  1.1000000000004098E-01 -2.0000000000000000E+00 -1.0660510494195323E-13
  1.0000000000004099E-01 -2.0000000000000000E+00 -3.3986834042861976E-15
  9.0000000000040992E-02 -2.0000000000000000E+00 -3.5089022912505611E-12
  8.0000000000040997E-02 -2.0000000000000000E+00 -2.4109373100141998E-19
  7.0000000000041002E-02 -2.0000000000000000E+00 -2.4892376989123739E-22
  6.0000000000041000E-02 -2.0000000000000000E+00 -2.4764070175324102E-26
  5.0000000000040998E-02 -2.0000000000000000E+00 -5.7755244414747146E-32
  4.0000000000040996E-02 -2.0000000000000000E+00 -1.8600379881972381E-40
  3.0000000000040994E-02 -2.0000000000000000E+00 -1.1038665090676317E-54
  2.0000000000040992E-02 -2.0000000000000000E+00 -2.7677930545967204E-83
  1.0000000000040992E-02 -2.0000000000000000E+00 -1.5321356798708079E-169
