   1.2566370608718848E-002  0.60452881251333768        3.5359439482150964E-002
   1.2566370608606050E-002  -5.7741140377817468E-003   1.2124100531419220     
   1.2566370608493251E-002   9.3813924009995289E-002  0.58931100055844965     
   1.2566370608380452E-002  -3.9424984266700103E-002   1.3269102038111822     
   1.2566370608267654E-002  0.60451645660255782        3.5366282551170206E-002
   1.2566370608154855E-002  -5.7745436431458526E-003   1.2124121304309612     
   1.2566370608042056E-002   9.3818015789830317E-002  0.58930261429275466     
   1.2566370607929258E-002  -3.9424474887388872E-002   1.3269106792401668     
   1.2566370607816459E-002  0.60452138559058988        3.5363552706154752E-002
   1.2566370607703660E-002  -5.7743722651888568E-003   1.2124113017483766     
   1.2566370607590862E-002   9.3816383464410361E-002  0.58930595979002398     
   1.2566370607478063E-002  -3.9424678093216946E-002   1.3269104895903410     
   1.2566370607365264E-002  0.60451941939220277        3.5364641650419401E-002
   1.2566370607252466E-002  -5.7744406295491667E-003   1.2124116323108596     
   1.2566370607139667E-002   9.3817034599957924E-002  0.58930462526444771     
   1.2566370607026868E-002  -3.9424597035320953E-002   1.3269105652430684     
   1.2566370606914070E-002  0.60452020372836157        3.5364207258202746E-002
   1.2566370606801271E-002  -5.7744133594181107E-003   1.2124115004449807     
   1.2566370606688472E-002   9.3816774853855256E-002  0.58930515762078273     
   1.2566370606575674E-002  -3.9424629371489030E-002   1.3269105350638386     
   1.2566370606462875E-002  0.60451989085034841        3.5364380539802530E-002
   1.2566370606350076E-002  -5.7744242388311773E-003   1.2124115530464528     
   1.2566370606237278E-002   9.3816878467931158E-002  0.58930494525882882     
   1.2566370606124479E-002  -3.9424616473607073E-002   1.3269105471018088     
   1.2566370606011680E-002  0.60452001566013758        3.5364311415378477E-002
   1.2566370605898882E-002  -5.7744199000834967E-003   1.2124115320624220     
   1.2566370605786083E-002   9.3816837134761494E-002  0.58930502997093892     
   1.2566370605673284E-002  -3.9424621619946656E-002   1.3269105422989549     
   1.2566370605560486E-002  0.60451996587233647        3.5364338988905231E-002
   1.2566370605447687E-002  -5.7744216319965680E-003   1.2124115404323188     
   1.2566370605334888E-002   9.3816853622370841E-002  0.58930499617750154     
   1.2566370605222090E-002  -3.9424619568282512E-002   1.3269105442140534     
   1.2566370605109291E-002  0.60451998573306354        3.5364327988763329E-002
   1.2566370604996492E-002  -5.7744209422707568E-003   1.2124115370926762     
   1.2566370604883694E-002   9.3816847044777815E-002  0.58930500965694088     
   1.2566370604770895E-002  -3.9424620387964751E-002   1.3269105434493080     
   1.2566370604658096E-002  0.60451997781045186        3.5364332375957208E-002
   1.2566370604545298E-002  -5.7744212185549815E-003   1.2124115384240586     
   1.2566370604432499E-002   9.3816849668062863E-002  0.58930500427888488     
   1.2566370604319701E-002  -3.9424620062243072E-002   1.3269105437535700     
   1.2566370604206902E-002  0.60451998097080129        3.5364330625038784E-002
   1.2566370604094103E-002  -5.7744211094914785E-003   1.2124115378921394     
   1.2566370603981305E-002   9.3816848621061877E-002  0.58930500642319761     
   1.2566370603868506E-002  -3.9424620193430286E-002   1.3269105436313957     
   1.2566370603755707E-002  0.60451997971007465        3.5364331322660189E-002
   1.2566370603642909E-002  -5.7744211541466261E-003   1.2124115381035045     
   1.2566370603530110E-002   9.3816849038162578E-002  0.58930500556678633     
   1.2566370603417311E-002  -3.9424620142356009E-002   1.3269105436793323     
   1.2566370603304513E-002  0.60451998021296061        3.5364331043533870E-002
   1.2566370603191714E-002  -5.7744211374810683E-003   1.2124115380183671     
   1.2566370603078915E-002   9.3816848871220590E-002  0.58930500590739188     
   1.2566370602966117E-002  -3.9424620163986512E-002   1.3269105436594091     
   1.2566370602853318E-002  0.60451998001230456        3.5364331154052159E-002
   1.2566370602740519E-002  -5.7744211452765547E-003   1.2124115380515061     
   1.2566370602627721E-002   9.3816848937254921E-002  0.58930500577050104     
   1.2566370602514922E-002  -3.9424620156612918E-002   1.3269105436665529     
   1.2566370602402123E-002  0.60451998009230712        3.5364331109133132E-002
   1.2566370602289325E-002  -5.7744211433148323E-003   1.2124115380374634     
   1.2566370602176526E-002   9.3816848910348860E-002  0.58930500582409562     
   1.2566370602063727E-002  -3.9424620160811497E-002   1.3269105436629034     
   1.2566370601950929E-002  0.60451998006037988        3.5364331126203227E-002
   1.2566370601838130E-002  -5.7744211452440651E-003   1.2124115380422402     
   1.2566370601725331E-002   9.3816848920525650E-002  0.58930500580168910     
   1.2566370601612533E-002  -3.9424620160393734E-002   1.3269105436635606     
   1.2566370601499734E-002  0.60451998007309615        3.5364331118549142E-002
   1.2566370601386935E-002  -5.7744211456223771E-003   1.2124115380395117     
   1.2566370601274137E-002   9.3816848915912521E-002  0.58930500580959588     
   1.2566370601161338E-002  -3.9424620161815076E-002   1.3269105436624979     
   1.2566370601048539E-002  0.60451998006802665        3.5364331120745870E-002
   1.2566370600935741E-002  -5.7744211466164881E-003   1.2124115380397644     
   1.2566370600822942E-002   9.3816848917173401E-002  0.58930500580546274     
   1.2566370600710143E-002  -3.9424620162507779E-002   1.3269105436621187     
   1.2566370600597345E-002  0.60451998006998309        3.5364331119050400E-002
   1.2566370600484546E-002  -5.7744211473703191E-003   1.2124115380388480     
   1.2566370600371747E-002   9.3816848916122492E-002  0.58930500580606482     
   1.2566370600258949E-002  -3.9424620163486655E-002   1.3269105436614725     
   1.2566370600146150E-002  0.60451998006920116        3.5364331118871557E-002
   1.2566370600033351E-002  -5.7744211482172007E-003   1.2124115380383886     
   1.2566370599920553E-002   9.3816848915976553E-002  0.58930500580481360     
   1.2566370599807754E-002  -3.9424620164353261E-002   1.3269105436609268     
   1.2566370599694955E-002  0.60451998006944008        3.5364331118128450E-002
   1.2566370599582157E-002  -5.7744211490286228E-003   1.2124115380377558     
   1.2566370599469358E-002   9.3816848915502210E-002  0.58930500580423750     
   1.2566370599356559E-002  -3.9424620165260299E-002   1.3269105436603397     
   1.2566370599243761E-002  0.60451998006927332        3.5364331117609449E-002
   1.2566370599130962E-002  -5.7744211498547918E-003   1.2124115380371914     
   1.2566370599018164E-002   9.3816848915144163E-002  0.58930500580342293     
   1.2566370598905365E-002  -3.9424620166154001E-002   1.3269105436597777     
   1.2566370598792566E-002  0.60451998006937413        3.5364331116943044E-002
   1.2566370598679768E-002  -5.7744211506705976E-003   1.2124115380365821     
   1.2566370598566969E-002   9.3816848914706680E-002  0.58930500580277123     
   1.2566370598454170E-002  -3.9424620167055766E-002   1.3269105436592057     
   1.2566370598341372E-002  0.60451998006932817        3.5364331116356007E-002
   1.2566370598228573E-002  -5.7744211514904123E-003   1.2124115380359981     
   1.2566370598115774E-002   9.3816848914315298E-002  0.58930500580202083     
   1.2566370598002976E-002  -3.9424620167954387E-002   1.3269105436586339     
   1.2566370597890177E-002  0.60451998006931440        3.5364331115752046E-002
   1.2566370597777378E-002  -5.7744211523112089E-003   1.2124115380354086     
   1.2566370597664580E-002   9.3816848913913578E-002  0.58930500580129763     
   1.2566370597551781E-002  -3.9424620168852315E-002   1.3269105436580573     
   1.2566370597438982E-002  0.60451998006922991        3.5364331115187025E-002
   1.2566370597326184E-002  -5.7744211531335337E-003   1.2124115380348282     
   1.2566370597213385E-002   9.3816848913528358E-002  0.58930500580053691     
   1.2566370597100586E-002  -3.9424620169748466E-002   1.3269105436574873     
   1.2566370596987788E-002  0.60451998006925578        3.5364331114562338E-002
   1.2566370596874989E-002  -5.7744211539522017E-003   1.2124115380342251     
   1.2566370596762190E-002   9.3816848913103004E-002  0.58930500579985856     
   1.2566370596649392E-002  -3.9424620170649516E-002   1.3269105436569084     
   1.2566370596536593E-002  0.60451998006915586        3.5364331114006553E-002
   1.2566370596423794E-002  -5.7744211547766655E-003   1.2124115380336578     
   1.2566370596310996E-002   9.3816848912741127E-002  0.58930500579905121     
   1.2566370596198197E-002  -3.9424620171542996E-002   1.3269105436563422     
   1.2566370596085398E-002  0.60451998006921426        3.5364331113362436E-002
   1.2566370595972600E-002  -5.7744211555932103E-003   1.2124115380330522     
   1.2566370595859801E-002   9.3816848912316730E-002  0.58930500579837419     
   1.2566370595747002E-002  -3.9424620172444788E-002   1.3269105436557651     
   1.2566370595634204E-002  0.60451998006913776        3.5364331112792788E-002
   1.2566370595521405E-002  -5.7744211564162012E-003   1.2124115380324718     
   1.2566370595408606E-002   9.3816848911932246E-002  0.58930500579761003     
   1.2566370595295808E-002  -3.9424620173340766E-002   1.3269105436551976     
   1.2566370595183009E-002  0.60451998006916741        3.5364331112165637E-002
   1.2566370595070210E-002  -5.7744211572357158E-003   1.2124115380318741     
   1.2566370594957412E-002   9.3816848911512110E-002  0.58930500579692291     
   1.2566370594844613E-002  -3.9424620174242468E-002   1.3269105436546249     
   1.2566370594731814E-002  0.60451998006912266        3.5364331111578162E-002
   1.2566370594619016E-002  -5.7744211580554889E-003   1.2124115380312885     
   1.2566370594506217E-002   9.3816848911117065E-002  0.58930500579618239     
   1.2566370594393418E-002  -3.9424620175139077E-002   1.3269105436540514     
   1.2566370594280620E-002  0.60451998006910357        3.5364331110978163E-002
   1.2566370594167821E-002  -5.7744211588748526E-003   1.2124115380306935     
   1.2566370594055023E-002   9.3816848910708087E-002  0.58930500579547207     
   1.2566370593942224E-002  -3.9424620176038774E-002   1.3269105436534709     
   1.2566370593829425E-002  0.60451998006899876        3.5364331110424321E-002
   1.2566370593716627E-002  -5.7744211596998211E-003   1.2124115380301255     
   1.2566370593603828E-002   9.3816848910349693E-002  0.58930500579465783     
   1.2566370593491029E-002  -3.9424620176931116E-002   1.3269105436529030     
   1.2566370593378231E-002  0.60451998006902008        3.5364331109801646E-002
   1.2566370593265432E-002  -5.7744211605193930E-003   1.2124115380295302     
   1.2566370593152633E-002   9.3816848909935038E-002  0.58930500579395717     
   1.2566370593039835E-002  -3.9424620177831465E-002   1.3269105436523334     
   1.2566370592927036E-002  0.60451998006900554        3.5364331109198316E-002
   1.2566370592814237E-002  -5.7744211613388694E-003   1.2124115380289373     
   1.2566370592701439E-002   9.3816848909528183E-002  0.58930500579324152     
   1.2566370592588640E-002  -3.9424620178730198E-002   1.3269105436517625     
   1.2566370592475841E-002  0.60451998006903196        3.5364331108572247E-002
   1.2566370592363043E-002  -5.7744211621589860E-003   1.2124115380283422     
   1.2566370592250244E-002   9.3816848909111961E-002  0.58930500579254230     
   1.2566370592137445E-002  -3.9424620179628486E-002   1.3269105436511821     
   1.2566370592024647E-002  0.60451998006890584        3.5364331108029862E-002
   1.2566370591911848E-002  -5.7744211629812484E-003   1.2124115380277718     
   1.2566370591799049E-002   9.3816848908753664E-002  0.58930500579172940     
   1.2566370591686251E-002  -3.9424620180524311E-002   1.3269105436506168     
   1.2566370591573452E-002  0.60451998006893992        3.5364331107400386E-002
   1.2566370591460653E-002  -5.7744211638006537E-003   1.2124115380271756     
   1.2566370591347855E-002   9.3816848908334846E-002  0.58930500579104006     
   1.2566370591235056E-002  -3.9424620181424785E-002   1.3269105436500428     
   1.2566370591122257E-002  0.60451998006893437        3.5364331106791227E-002
   1.2566370591009459E-002  -5.7744211646201353E-003   1.2124115380265834     
   1.2566370590896660E-002   9.3816848907932154E-002  0.58930500579031531     
   1.2566370590783861E-002  -3.9424620182322900E-002   1.3269105436494693     
   1.2566370590671063E-002  0.60451998006887719        3.5364331106212586E-002
   1.2566370590558264E-002  -5.7744211654422086E-003   1.2124115380259999     
   1.2566370590445465E-002   9.3816848907543632E-002  0.58930500578956091     
   1.2566370590332667E-002  -3.9424620183218996E-002   1.3269105436488986     
   1.2566370590219868E-002  0.60451998006887364        3.5364331105601658E-002
   1.2566370590107069E-002  -5.7744211662622020E-003   1.2124115380254055     
   1.2566370589994271E-002   9.3816848907132808E-002  0.58930500578885547     
   1.2566370589881472E-002  -3.9424620184117215E-002   1.3269105436483266     
   1.2566370589768673E-002  0.60451998006886054        3.5364331104997822E-002
   1.2566370589655875E-002  -5.7744211670810817E-003   1.2124115380248157     
   1.2566370589543076E-002   9.3816848906729589E-002  0.58930500578813050     
   1.2566370589430277E-002  -3.9424620185016891E-002   1.3269105436477517     
   1.2566370589317479E-002  0.60451998006879359        3.5364331104423372E-002
   1.2566370589204680E-002  -5.7744211679045341E-003   1.2124115380242351     
   1.2566370589091881E-002   9.3816848906354444E-002  0.58930500578735312     
   1.2566370588979083E-002  -3.9424620185913320E-002   1.3269105436471882     
   1.2566370588866284E-002  0.60451998006887697        3.5364331103765745E-002
   1.2566370588753486E-002  -5.7744211687210806E-003   1.2124115380236300     
   1.2566370588640687E-002   9.3816848905918168E-002  0.58930500578669676     
   1.2566370588527888E-002  -3.9424620186815099E-002   1.3269105436466082     
   1.2566370588415090E-002  0.60451998006875562        3.5364331103222131E-002
   1.2566370588302291E-002  -5.7744211695440074E-003   1.2124115380230565     
   1.2566370588189492E-002   9.3816848905551767E-002  0.58930500578589751     
   1.2566370588076694E-002  -3.9424620187708412E-002   1.3269105436460356     
   1.2566370587963895E-002  0.60451998006877006        3.5364331102603119E-002
   1.2566370587851096E-002  -5.7744211703643234E-003   1.2124115380224625     
   1.2566370587738298E-002   9.3816848905132533E-002  0.58930500578520673     
   1.2566370587625499E-002  -3.9424620188609663E-002   1.3269105436454638     
   1.2566370587512700E-002  0.60451998006872221        3.5364331102017921E-002
   1.2566370587399902E-002  -5.7744211711856040E-003   1.2124115380218785     
   1.2566370587287103E-002   9.3816848904748174E-002  0.58930500578444556     
   1.2566370587174304E-002  -3.9424620189506251E-002   1.3269105436448927     
   1.2566370587061506E-002  0.60451998006871022        3.5364331101413037E-002
   1.2566370586948707E-002  -5.7744211720058281E-003   1.2124115380212881     
   1.2566370586835908E-002   9.3816848904343511E-002  0.58930500578372469     
   1.2566370586723110E-002  -3.9424620190404935E-002   1.3269105436443143     
   1.2566370586610311E-002  0.60451998006863183        3.5364331100845157E-002
   1.2566370586497512E-002  -5.7744211728286247E-003   1.2124115380207074     
   1.2566370586384714E-002   9.3816848903962941E-002  0.58930500578295686     
   1.2566370586271915E-002  -3.9424620191300955E-002   1.3269105436437452     
   1.2566370586159116E-002  0.60451998006863938        3.5364331100229573E-002
   1.2566370586046318E-002  -5.7744211736483180E-003   1.2124115380201135     
   1.2566370585933519E-002   9.3816848903546010E-002  0.58930500578226153     
   1.2566370585820720E-002  -3.9424620192200770E-002   1.3269105436431774     
   1.2566370585707922E-002  0.60451998006867103        3.5364331099600119E-002
   1.2566370585595123E-002  -5.7744211744651212E-003   1.2124115380195142     
   1.2566370585482324E-002   9.3816848903127317E-002  0.58930500578156941     
   1.2566370585369526E-002  -3.9424620193102042E-002   1.3269105436426001     
   1.2566370585256727E-002  0.60451998006858443        3.5364331099037173E-002
   1.2566370585143928E-002  -5.7744211752905894E-003   1.2124115380189369     
   1.2566370585031130E-002   9.3816848902755726E-002  0.58930500578078115     
   1.2566370584918331E-002  -3.9424620193996014E-002   1.3269105436420312     
   1.2566370584805532E-002  0.60451998006861885        3.5364331098406178E-002
   1.2566370584692734E-002  -5.7744211761073128E-003   1.2124115380183369     
   1.2566370584579935E-002   9.3816848902330968E-002  0.58930500578010137     
   1.2566370584467136E-002  -3.9424620194896849E-002   1.3269105436414557     
   1.2566370584354338E-002  0.60451998006857266        3.5364331097821611E-002
   1.2566370584241539E-002  -5.7744211769297869E-003   1.2124115380177591     
   1.2566370584128740E-002   9.3816848901951064E-002  0.58930500577933198     
   1.2566370584015942E-002  -3.9424620195792820E-002   1.3269105436408843     
   1.2566370583903143E-002  0.60451998006854391        3.5364331097224880E-002
   1.2566370583790345E-002  -5.7744211777493205E-003   1.2124115380171696     
   1.2566370583677546E-002   9.3816848901554367E-002  0.58930500577859624     
   1.2566370583564747E-002  -3.9424620196690942E-002   1.3269105436403104     
   1.2566370583451949E-002  0.60451998006851726        3.5364331096628440E-002
   1.2566370583339150E-002  -5.7744211785709203E-003   1.2124115380165803     
   1.2566370583226351E-002   9.3816848901154215E-002  0.58930500577786504     
   1.2566370583113553E-002  -3.9424620197589279E-002   1.3269105436397417     
   1.2566370583000754E-002  0.60451998006849395        3.5364331096030134E-002
   1.2566370582887955E-002  -5.7744211793916613E-003   1.2124115380159928     
   1.2566370582775157E-002   9.3816848900762764E-002  0.58930500577711864     
   1.2566370582662358E-002  -3.9424620198487054E-002   1.3269105436391708     
   1.2566370582549559E-002  0.60451998006851471        3.5364331095406723E-002
   1.2566370582436761E-002  -5.7744211802097049E-003   1.2124115380153990     
   1.2566370582323962E-002   9.3816848900347583E-002  0.58930500577642075     
   1.2566370582211163E-002  -3.9424620199385252E-002   1.3269105436385966     
   1.2566370582098365E-002  0.60451998006846219        3.5364331094824286E-002
   1.2566370581985566E-002  -5.7744211810315405E-003   1.2124115380148126     
   1.2566370581872767E-002   9.3816848899953578E-002  0.58930500577567813     
   1.2566370581759969E-002  -3.9424620200284921E-002   1.3269105436380233     
   1.2566370581647170E-002  0.60451998006842755        3.5364331094233328E-002
   1.2566370581534371E-002  -5.7744211818530570E-003   1.2124115380142280     
   1.2566370581421573E-002   9.3816848899561475E-002  0.58930500577493217     
   1.2566370581308774E-002  -3.9424620201180802E-002   1.3269105436374475     
   1.2566370581195975E-002  0.60451998006840846        3.5364331093631088E-002
   1.2566370581083177E-002  -5.7744211826720269E-003   1.2124115380136318     
   1.2566370580970378E-002   9.3816848899144628E-002  0.58930500577423872     
   1.2566370580857579E-002  -3.9424620202081512E-002   1.3269105436368769     
   1.2566370580744781E-002  0.60451998006835328        3.5364331093050552E-002
   1.2566370580631982E-002  -5.7744211834944489E-003   1.2124115380130560     
   1.2566370580519183E-002   9.3816848898767818E-002  0.58930500577346190     
   1.2566370580406385E-002  -3.9424620202976990E-002   1.3269105436363082     
   1.2566370580293586E-002  0.60451998006837715        3.5364331092426315E-002
   1.2566370580180787E-002  -5.7744211843135176E-003   1.2124115380124583     
   1.2566370580067989E-002   9.3816848898359020E-002  0.58930500577274947     
   1.2566370579955190E-002  -3.9424620203875244E-002   1.3269105436357340     
   1.2566370579842391E-002  0.60451998006835772        3.5364331091826143E-002
   1.2566370579729593E-002  -5.7744211851341962E-003   1.2124115380118696     
   1.2566370579616794E-002   9.3816848897957092E-002  0.58930500577202372     
   1.2566370579503995E-002  -3.9424620204775052E-002   1.3269105436351527     
   1.2566370579391197E-002  0.60451998006824514        3.5364331091276319E-002
   1.2566370579278398E-002  -5.7744211859576469E-003   1.2124115380112948     
   1.2566370579165599E-002   9.3816848897582905E-002  0.58930500577124001     
   1.2566370579052801E-002  -3.9424620205669031E-002   1.3269105436345858     
   1.2566370578940002E-002  0.60451998006825880        3.5364331090657078E-002
   1.2566370578827203E-002  -5.7744211867753539E-003   1.2124115380107010     
   1.2566370578714405E-002   9.3816848897174815E-002  0.58930500577052747     
   1.2566370578601606E-002  -3.9424620206569047E-002   1.3269105436340158     
   1.2566370578488808E-002  0.60451998006825824        3.5364331090046969E-002
   1.2566370578376009E-002  -5.7744211875970647E-003   1.2124115380101073     
   1.2566370578263210E-002   9.3816848896766808E-002  0.58930500576981459     
   1.2566370578150412E-002  -3.9424620207468723E-002   1.3269105436334396     
   1.2566370578037613E-002  0.60451998006822560        3.5364331089452423E-002
   1.2566370577924814E-002  -5.7744211884160988E-003   1.2124115380095173     
   1.2566370577812016E-002   9.3816848896361979E-002  0.58930500576909450     
   1.2566370577699217E-002  -3.9424620208366332E-002   1.3269105436328696     
   1.2566370577586418E-002  0.60451998006819485        3.5364331088858073E-002
   1.2566370577473620E-002  -5.7744211892368953E-003   1.2124115380089282     
   1.2566370577360821E-002   9.3816848895966670E-002  0.58930500576835454     
   1.2566370577248022E-002  -3.9424620209264780E-002   1.3269105436322985     
   1.2566370577135224E-002  0.60451998006819163        3.5364331088249296E-002
   1.2566370577022425E-002  -5.7744211900570257E-003   1.2124115380083376     
   1.2566370576909626E-002   9.3816848895557345E-002  0.58930500576764588     
   1.2566370576796828E-002  -3.9424620210163380E-002   1.3269105436317186     
   1.2566370576684029E-002  0.60451998006812246        3.5364331087677246E-002
   1.2566370576571230E-002  -5.7744211908795327E-003   1.2124115380077622     
   1.2566370576458432E-002   9.3816848895185517E-002  0.58930500576685829     
   1.2566370576345633E-002  -3.9424620211056728E-002   1.3269105436311572     
   1.2566370576232834E-002  0.60451998006817154        3.5364331087036967E-002
   1.2566370576120036E-002  -5.7744211916986379E-003   1.2124115380071596     
   1.2566370576007237E-002   9.3816848894759913E-002  0.58930500576618317     
   1.2566370575894438E-002  -3.9424620211959790E-002   1.3269105436305775     
   1.2566370575781640E-002  0.60451998006808672        3.5364331086472411E-002
   1.2566370575668841E-002  -5.7744211925195750E-003   1.2124115380065830     
   1.2566370575556042E-002   9.3816848894383562E-002  0.58930500576540423     
   1.2566370575443244E-002  -3.9424620212853534E-002   1.3269105436300057     
   1.2566370575330445E-002  0.60451998006807639        3.5364331085866813E-002
   1.2566370575217646E-002  -5.7744211933397956E-003   1.2124115380059874     
   1.2566370575104848E-002   9.3816848893972307E-002  0.58930500576469602     
   1.2566370574992049E-002  -3.9424620213753522E-002   1.3269105436294359     
   1.2566370574879250E-002  0.60451998006806196        3.5364331085262810E-002
   1.2566370574766452E-002  -5.7744211941602105E-003   1.2124115380054015     
   1.2566370574653653E-002   9.3816848893578234E-002  0.58930500576395417     
   1.2566370574540854E-002  -3.9424620214651845E-002   1.3269105436288582     
   1.2566370574428056E-002  0.60451998006799157        3.5364331084691086E-002
   1.2566370574315257E-002  -5.7744211949829916E-003   1.2124115380048188     
   1.2566370574202458E-002   9.3816848893189281E-002  0.58930500576320044     
   1.2566370574089660E-002  -3.9424620215548892E-002   1.3269105436282931     
   1.2566370573976861E-002  0.60451998006803298        3.5364331084056927E-002
   1.2566370573864062E-002  -5.7744211958016024E-003   1.2124115380042169     
   1.2566370573751264E-002   9.3816848892766300E-002  0.58930500576252176     
   1.2566370573638465E-002  -3.9424620216450018E-002   1.3269105436277184     
   1.2566370573525667E-002  0.60451998006800711        3.5364331083459363E-002
   1.2566370573412868E-002  -5.7744211966215906E-003   1.2124115380036353     
   1.2566370573300069E-002   9.3816848892377458E-002  0.58930500576176859     
   1.2566370573187271E-002  -3.9424620217346371E-002   1.3269105436271476     
   1.2566370573074472E-002  0.60451998006800278        3.5364331082849997E-002
   1.2566370572961673E-002  -5.7744211974410254E-003   1.2124115380030431     
   1.2566370572848875E-002   9.3816848891972823E-002  0.58930500576104450     
   1.2566370572736076E-002  -3.9424620218244624E-002   1.3269105436265742     
   1.2566370572623277E-002  0.60451998006794472        3.5364331082271029E-002
   1.2566370572510479E-002  -5.7744211982644310E-003   1.2124115380024587     
   1.2566370572397680E-002   9.3816848891579194E-002  0.58930500576030476     
   1.2566370572284881E-002  -3.9424620219142996E-002   1.3269105436260011     
   1.2566370572172083E-002  0.60451998006793273        3.5364331081667290E-002
   1.2566370572059284E-002  -5.7744211990836975E-003   1.2124115380018665     
   1.2566370571946485E-002   9.3816848891174615E-002  0.58930500575958367     
   1.2566370571833687E-002  -3.9424620220041826E-002   1.3269105436254318     
   1.2566370571720888E-002  0.60451998006793439        3.5364331081053385E-002
   1.2566370571608089E-002  -5.7744211999028704E-003   1.2124115380012772     
   1.2566370571495291E-002   9.3816848890771978E-002  0.58930500575886036     
   1.2566370571382492E-002  -3.9424620220940822E-002   1.3269105436248554     
   1.2566370571269693E-002  0.60451998006786467        3.5364331080482071E-002
   1.2566370571156895E-002  -5.7744212007252698E-003   1.2124115380007021     
   1.2566370571044096E-002   9.3816848890401761E-002  0.58930500575806877     
   1.2566370570931297E-002  -3.9424620221833691E-002   1.3269105436242847     
   1.2566370570818499E-002  0.60451998006783270        3.5364331079887512E-002
   1.2566370570705700E-002  -5.7744212015457316E-003   1.2124115380001002     
   1.2566370570592901E-002   9.3816848889975130E-002  0.58930500575739497     
   1.2566370570480103E-002  -3.9424620222736233E-002   1.3269105436237107     
   1.2566370570367304E-002  0.60451998006783070        3.5364331079277063E-002
   1.2566370570254505E-002  -5.7744212023649044E-003   1.2124115379995086     
   1.2566370570141707E-002   9.3816848889576157E-002  0.58930500575666211     
   1.2566370570028908E-002  -3.9424620223634001E-002   1.3269105436231350     
   1.2566370569916109E-002  0.60451998006775798        3.5364331078705701E-002
   1.2566370569803311E-002  -5.7744212031869933E-003   1.2124115379989322     
   1.2566370569690512E-002   9.3816848889199458E-002  0.58930500575588540     
   1.2566370569577713E-002  -3.9424620224528806E-002   1.3269105436225657     
   1.2566370569464915E-002  0.60451998006776297        3.5364331078091435E-002
   1.2566370569352116E-002  -5.7744212040087822E-003   1.2124115379983424     
   1.2566370569239317E-002   9.3816848888797655E-002  0.58930500575516176     
   1.2566370569126519E-002  -3.9424620225427920E-002   1.3269105436219950     
   1.2566370569013720E-002  0.60451998006775998        3.5364331077481825E-002
   1.2566370568900921E-002  -5.7744212048271727E-003   1.2124115379977503     
   1.2566370568788123E-002   9.3816848888387067E-002  0.58930500575445033     
   1.2566370568675324E-002  -3.9424620226326812E-002   1.3269105436214212     
   1.2566370568562526E-002  0.60451998006770757        3.5364331076899194E-002
   1.2566370568449727E-002  -5.7744212056496363E-003   1.2124115379971636     
   1.2566370568336928E-002   9.3816848887995602E-002  0.58930500575370526     
   1.2566370568224130E-002  -3.9424620227224164E-002   1.3269105436208499     
   1.2566370568111331E-002  0.60451998006772489        3.5364331076279537E-002
   1.2566370567998532E-002  -5.7744212064674214E-003   1.2124115379965714     
   1.2566370567885734E-002   9.3816848887587317E-002  0.58930500575299205     
   1.2566370567772935E-002  -3.9424620228123139E-002   1.3269105436202742     
   1.2566370567660136E-002  0.60451998006765917        3.5364331075703942E-002
   1.2566370567547338E-002  -5.7744212072903568E-003   1.2124115379959886     
   1.2566370567434539E-002   9.3816848887200308E-002  0.58930500575223599     
   1.2566370567321740E-002  -3.9424620229020324E-002   1.3269105436197013     
   1.2566370567208942E-002  0.60451998006764529        3.5364331075099675E-002
   1.2566370567096143E-002  -5.7744212081096095E-003   1.2124115379953950     
   1.2566370566983344E-002   9.3816848886794688E-002  0.58930500575151690     
   1.2566370566870546E-002  -3.9424620229918668E-002   1.3269105436191302     
   1.2566370566757747E-002  0.60451998006764673        3.5364331074488158E-002
   1.2566370566644948E-002  -5.7744212089308154E-003   1.2124115379948084     
   1.2566370566532150E-002   9.3816848886393106E-002  0.58930500575078903     
   1.2566370566419351E-002  -3.9424620230818143E-002   1.3269105436185618     
   1.2566370566306552E-002  0.60451998006762409        3.5364331073889435E-002
   1.2566370566193754E-002  -5.7744212097509511E-003   1.2124115379942155     
   1.2566370566080955E-002   9.3816848885995174E-002  0.58930500575005806     
   1.2566370565968156E-002  -3.9424620231715377E-002   1.3269105436179891     
   1.2566370565855358E-002  0.60451998006763752        3.5364331073269806E-002
   1.2566370565742559E-002  -5.7744212105690224E-003   1.2124115379936211     
   1.2566370565629760E-002   9.3816848885580534E-002  0.58930500574935862     
   1.2566370565516962E-002  -3.9424620232614907E-002   1.3269105436174116     
   1.2566370565404163E-002  0.60451998006755003        3.5364331072706326E-002
   1.2566370565291364E-002  -5.7744212113919301E-003   1.2124115379930496     
   1.2566370565178566E-002   9.3816848885210538E-002  0.58930500574856615     
   1.2566370565065767E-002  -3.9424620233510108E-002   1.3269105436168447     
   1.2566370564952968E-002  0.60451998006756169        3.5364331072089181E-002
   1.2566370564840170E-002  -5.7744212122123606E-003   1.2124115379924576     
   1.2566370564727371E-002   9.3816848884810511E-002  0.58930500574783728     
   1.2566370564614572E-002  -3.9424620234407355E-002   1.3269105436162663     
   1.2566370564501774E-002  0.60451998006750818        3.5364331071507063E-002
   1.2566370564388975E-002  -5.7744212130335024E-003   1.2124115379918678     
   1.2566370564276176E-002   9.3816848884406959E-002  0.58930500574711531     
   1.2566370564163378E-002  -3.9424620235306802E-002   1.3269105436156983     
   1.2566370564050579E-002  0.60451998006750585        3.5364331070897100E-002
   1.2566370563937780E-002  -5.7744212138541376E-003   1.2124115379912770     
   1.2566370563824982E-002   9.3816848883999271E-002  0.58930500574640154     
   1.2566370563712183E-002  -3.9424620236205909E-002   1.3269105436151230     
   1.2566370563599384E-002  0.60451998006746754        3.5364331070307384E-002
   1.2566370563486586E-002  -5.7744212146745889E-003   1.2124115379906910     
   1.2566370563373787E-002   9.3816848883608181E-002  0.58930500574565203     
   1.2566370563260989E-002  -3.9424620237102311E-002   1.3269105436145527     
   1.2566370563148190E-002  0.60451998006745211        3.5364331069703367E-002
   1.2566370563035391E-002  -5.7744212154954237E-003   1.2124115379901024     
   1.2566370562922593E-002   9.3816848883207682E-002  0.58930500574492573     
   1.2566370562809794E-002  -3.9424620238000904E-002   1.3269105436139796     
   1.2566370562696995E-002  0.60451998006741547        3.5364331069113103E-002
   1.2566370562584197E-002  -5.7744212163152245E-003   1.2124115379895073     
   1.2566370562471398E-002   9.3816848882798190E-002  0.58930500574421274     
   1.2566370562358599E-002  -3.9424620238901156E-002   1.3269105436134034     
   1.2566370562245801E-002  0.60451998006736163        3.5364331068531291E-002
   1.2566370562133002E-002  -5.7744212171363385E-003   1.2124115379889249     
   1.2566370562020203E-002   9.3816848882407711E-002  0.58930500574346423     
   1.2566370561907405E-002  -3.9424620239797051E-002   1.3269105436128312     
   1.2566370561794606E-002  0.60451998006734442        3.5364331067929952E-002
   1.2566370561681807E-002  -5.7744212179576416E-003   1.2124115379883418     
   1.2566370561569009E-002   9.3816848882015857E-002  0.58930500574271905     
   1.2566370561456210E-002  -3.9424620240694819E-002   1.3269105436122648     
   1.2566370561343411E-002  0.60451998006735919        3.5364331067309171E-002
   1.2566370561230613E-002  -5.7744212187764259E-003   1.2124115379877500     
   1.2566370561117814E-002   9.3816848881616191E-002  0.58930500574199030     
   1.2566370561005015E-002  -3.9424620241591123E-002   1.3269105436116877     
   1.2566370560892217E-002  0.60451998006729357        3.5364331066734131E-002
   1.2566370560779418E-002  -5.7744212195977359E-003   1.2124115379871587     
   1.2566370560666619E-002   9.3816848881211889E-002  0.58930500574126676     
   1.2566370560553821E-002  -3.9424620242491062E-002   1.3269105436111206     
   1.2566370560441022E-002  0.60451998006733865        3.5364331066097959E-002
   1.2566370560328223E-002  -5.7744212204165288E-003   1.2124115379865605     
   1.2566370560215425E-002   9.3816848880792475E-002  0.58930500574057743     
   1.2566370560102626E-002  -3.9424620243391773E-002   1.3269105436105388     
   1.2566370559989827E-002  0.60451998006725349        3.5364331065533612E-002
   1.2566370559877029E-002  -5.7744212212389439E-003   1.2124115379859819     
   1.2566370559764230E-002   9.3816848880413736E-002  0.58930500573980538     
   1.2566370559651431E-002  -3.9424620244288090E-002   1.3269105436099704     
   1.2566370559538633E-002  0.60451998006723540        3.5364331064932801E-002
   1.2566370559425834E-002  -5.7744212220589911E-003   1.2124115379853941     
   1.2566370559313035E-002   9.3816848880014583E-002  0.58930500573907463     
   1.2566370559200237E-002  -3.9424620245184880E-002   1.3269105436093978     
   1.2566370559087438E-002  0.60451998006723551        3.5364331064322074E-002
   1.2566370558974639E-002  -5.7744212228794441E-003   1.2124115379848037     
   1.2566370558861841E-002   9.3816848879614848E-002  0.58930500573834443     
   1.2566370558749042E-002  -3.9424620246083668E-002   1.3269105436088280     
   1.2566370558636243E-002  0.60451998006721730        3.5364331063719688E-002
   1.2566370558523445E-002  -5.7744212237009797E-003   1.2124115379842175     
   1.2566370558410646E-002   9.3816848879225742E-002  0.58930500573759126     
   1.2566370558297848E-002  -3.9424620246980735E-002   1.3269105436082556     
   1.2566370558185049E-002  0.60451998006718644        3.5364331063125642E-002
   1.2566370558072250E-002  -5.7744212245214397E-003   1.2124115379836276     
   1.2566370557959452E-002   9.3816848878816805E-002  0.58930500573687994     
   1.2566370557846653E-002  -3.9424620247879502E-002   1.3269105436076769     
   1.2566370557733854E-002  0.60451998006711916        3.5364331062552101E-002
   1.2566370557621056E-002  -5.7744212253425693E-003   1.2124115379830485     
   1.2566370557508257E-002   9.3816848878430031E-002  0.58930500573612332     
   1.2566370557395458E-002  -3.9424620248775799E-002   1.3269105436071065     
   1.2566370557282660E-002  0.60451998006712104        3.5364331061938654E-002
   1.2566370557169861E-002  -5.7744212261623337E-003   1.2124115379824527     
   1.2566370557057062E-002   9.3816848878026535E-002  0.58930500573540090     
   1.2566370556944264E-002  -3.9424620249675246E-002   1.3269105436065387     
   1.2566370556831465E-002  0.60451998006712537        3.5364331061324729E-002
   1.2566370556718666E-002  -5.7744212269812863E-003   1.2124115379818621     
   1.2566370556605868E-002   9.3816848877620956E-002  0.58930500573468148     
   1.2566370556493069E-002  -3.9424620250573951E-002   1.3269105436059658     
   1.2566370556380270E-002  0.60451998006708219        3.5364331060738774E-002
   1.2566370556267472E-002  -5.7744212278035903E-003   1.2124115379812743     
   1.2566370556154673E-002   9.3816848877220624E-002  0.58930500573395550     
   1.2566370556041874E-002  -3.9424620251471573E-002   1.3269105436053914     
   1.2566370555929076E-002  0.60451998006705010        3.5364331060143590E-002
   1.2566370555816277E-002  -5.7744212286245655E-003   1.2124115379806870     
   1.2566370555703478E-002   9.3816848876822442E-002  0.58930500573322087     
   1.2566370555590680E-002  -3.9424620252370444E-002   1.3269105436048221     
   1.2566370555477881E-002  0.60451998006707575        3.5364331059517619E-002
   1.2566370555365082E-002  -5.7744212294426264E-003   1.2124115379800890     
   1.2566370555252284E-002   9.3816848876410244E-002  0.58930500573251754     
   1.2566370555139485E-002  -3.9424620253270100E-002   1.3269105436042479     
   1.2566370555026686E-002  0.60451998006702679        3.5364331058933635E-002
   1.2566370554913888E-002  -5.7744212302644152E-003   1.2124115379795026     
   1.2566370554801089E-002   9.3816848876012437E-002  0.58930500573178213     
   1.2566370554688290E-002  -3.9424620254167611E-002   1.3269105436036757     
   1.2566370554575492E-002  0.60451998006701324        3.5364331058330131E-002
   1.2566370554462693E-002  -5.7744212310843739E-003   1.2124115379789129     
   1.2566370554349894E-002   9.3816848875618031E-002  0.58930500573104294     
   1.2566370554237096E-002  -3.9424620255064359E-002   1.3269105436030990     
   1.2566370554124297E-002  0.60451998006692953        3.5364331057764854E-002
   1.2566370554011498E-002  -5.7744212319077899E-003   1.2124115379783404     
   1.2566370553898700E-002   9.3816848875247869E-002  0.58930500573025080     
   1.2566370553785901E-002  -3.9424620255959886E-002   1.3269105436025288     
   1.2566370553673102E-002  0.60451998006693330        3.5364331057151324E-002
   1.2566370553560304E-002  -5.7744212327269246E-003   1.2124115379777445     
   1.2566370553447505E-002   9.3816848874832645E-002  0.58930500572955180     
   1.2566370553334706E-002  -3.9424620256859153E-002   1.3269105436019561     
   1.2566370553221908E-002  0.60451998006691210        3.5364331056551852E-002
   1.2566370553109109E-002  -5.7744212335471643E-003   1.2124115379771576     
   1.2566370552996311E-002   9.3816848874430939E-002  0.58930500572882294     
   1.2566370552883512E-002  -3.9424620257757136E-002   1.3269105436013799     
   1.2566370552770713E-002  0.60451998006685193        3.5364331055973489E-002
   1.2566370552657915E-002  -5.7744212343697893E-003   1.2124115379765765     
   1.2566370552545116E-002   9.3816848874051090E-002  0.58930500572805500     
   1.2566370552432317E-002  -3.9424620258652884E-002   1.3269105436008108     
   1.2566370552319519E-002  0.60451998006688434        3.5364331055343576E-002
   1.2566370552206720E-002  -5.7744212351875275E-003   1.2124115379759757     
   1.2566370552093921E-002   9.3816848873627498E-002  0.58930500572737299     
   1.2566370551981123E-002  -3.9424620259555489E-002   1.3269105436002360     
   1.2566370551868324E-002  0.60451998006679653        3.5364331054781664E-002
   1.2566370551755525E-002  -5.7744212360106850E-003   1.2124115379753988     
   1.2566370551642727E-002   9.3816848873251174E-002  0.58930500572659672     
   1.2566370551529928E-002  -3.9424620260449517E-002   1.3269105435996686     
   1.2566370551417129E-002  0.60451998006681706        3.5364331054158878E-002
   1.2566370551304331E-002  -5.7744212368293635E-003   1.2124115379748011     
   1.2566370551191532E-002   9.3816848872834424E-002  0.58930500572590050     
   1.2566370551078733E-002  -3.9424620261350560E-002   1.3269105435990931     
   1.2566370550965935E-002  0.60451998006680252        3.5364331053555194E-002
   1.2566370550853136E-002  -5.7744212376495425E-003   1.2124115379742137     
   1.2566370550740337E-002   9.3816848872436867E-002  0.58930500572516620     
   1.2566370550627539E-002  -3.9424620262248522E-002   1.3269105435985209     
   1.2566370550514740E-002  0.60451998006675045        3.5364331052972701E-002
   1.2566370550401941E-002  -5.7744212384703304E-003   1.2124115379736295     
   1.2566370550289143E-002   9.3816848872045042E-002  0.58930500572442068     
   1.2566370550176344E-002  -3.9424620263145409E-002   1.3269105435979469     
   1.2566370550063545E-002  0.60451998006667973        3.5364331052399417E-002
   1.2566370549950747E-002  -5.7744212392941870E-003   1.2124115379730525     
   1.2566370549837948E-002   9.3816848871672173E-002  0.58930500572363387     
   1.2566370549725149E-002  -3.9424620264040484E-002   1.3269105435973827     
   1.2566370549612351E-002  0.60451998006677654        3.5364331051736253E-002
   1.2566370549499552E-002  -5.7744212401095191E-003   1.2124115379724394     
   1.2566370549386753E-002   9.3816848871221048E-002  0.58930500572300848     
   1.2566370549273955E-002  -3.9424620264944560E-002   1.3269105435968018     
   1.2566370549161156E-002  0.60451998006663954        3.5364331051200272E-002
   1.2566370549048357E-002  -5.7744212409348589E-003   1.2124115379718743     
   1.2566370548935559E-002   9.3816848870870662E-002  0.58930500572217770     
   1.2566370548822760E-002  -3.9424620265836076E-002   1.3269105435962338     
   1.2566370548709961E-002  0.60451998006668262        3.5364331050564857E-002
   1.2566370548597163E-002  -5.7744212417530187E-003   1.2124115379712719     
   1.2566370548484364E-002   9.3816848870437439E-002  0.58930500572151601     
   1.2566370548371565E-002  -3.9424620266739527E-002   1.3269105435956590     
   1.2566370548258767E-002  0.60451998006663776        3.5364331049978312E-002
   1.2566370548145968E-002  -5.7744212425733209E-003   1.2124115379706881     
   1.2566370548033170E-002   9.3816848870047986E-002  0.58930500572076461     
   1.2566370547920371E-002  -3.9424620267636185E-002   1.3269105435950885     
   1.2566370547807572E-002  0.60451998006664909        3.5364331049361396E-002
   1.2566370547694774E-002  -5.7744212433929291E-003   1.2124115379700946     
   1.2566370547581975E-002   9.3816848869646932E-002  0.58930500572003708     
   1.2566370547469176E-002  -3.9424620268534764E-002   1.3269105435945174     
   1.2566370547356378E-002  0.60451998006663721        3.5364331048756067E-002
   1.2566370547243579E-002  -5.7744212442128549E-003   1.2124115379695022     
   1.2566370547130780E-002   9.3816848869235928E-002  0.58930500571932920     
   1.2566370547017982E-002  -3.9424620269434052E-002   1.3269105435939421     
   1.2566370546905183E-002  0.60451998006659058        3.5364331048169634E-002
   1.2566370546792384E-002  -5.7744212450348033E-003   1.2124115379689160     
   1.2566370546679586E-002   9.3816848868838537E-002  0.58930500571859346     
   1.2566370546566787E-002  -3.9424620270331889E-002   1.3269105435933712     
   1.2566370546453988E-002  0.60451998006657492        3.5364331047567171E-002
   1.2566370546341190E-002  -5.7744212458546215E-003   1.2124115379683231     
   1.2566370546228391E-002   9.3816848868436678E-002  0.58930500571786948     
   1.2566370546115592E-002  -3.9424620271230670E-002   1.3269105435927984     
   1.2566370546002794E-002  0.60451998006654206        3.5364331046974132E-002
   1.2566370545889995E-002  -5.7744212466757927E-003   1.2124115379677349     
   1.2566370545777196E-002   9.3816848868039399E-002  0.58930500571713507     
   1.2566370545664398E-002  -3.9424620272128660E-002   1.3269105435922246     
   1.2566370545551599E-002  0.60451998006649454        3.5364331046388718E-002
   1.2566370545438800E-002  -5.7744212474961278E-003   1.2124115379671543     
   1.2566370545326002E-002   9.3816848867654359E-002  0.58930500571637412     
   1.2566370545213203E-002  -3.9424620273023084E-002   1.3269105435916480     
   1.2566370545100404E-002  0.60451998006645025        3.5364331045801944E-002
   1.2566370544987606E-002  -5.7744212483159078E-003   1.2124115379665608     
   1.2566370544874807E-002   9.3816848867251126E-002  0.58930500571565247     
   1.2566370544762008E-002  -3.9424620273923211E-002   1.3269105435910808     
   1.2566370544649210E-002  0.60451998006647500        3.5364331045176819E-002
   1.2566370544536411E-002  -5.7744212491360938E-003   1.2124115379659719     
   1.2566370544423612E-002   9.3816848866846284E-002  0.58930500571493127     
   1.2566370544310814E-002  -3.9424620274821964E-002   1.3269105435905082     
   1.2566370544198015E-002  0.60451998006643737        3.5364331044585529E-002
   1.2566370544085216E-002  -5.7744212499590709E-003   1.2124115379653879     
   1.2566370543972418E-002   9.3816848866460981E-002  0.58930500571417244     
   1.2566370543859619E-002  -3.9424620275717179E-002   1.3269105435899369     
   1.2566370543746820E-002  0.60451998006643626        3.5364331043975898E-002
   1.2566370543634022E-002  -5.7744212507776886E-003   1.2124115379647973     
   1.2566370543521223E-002   9.3816848866047894E-002  0.58930500571346844     
   1.2566370543408424E-002  -3.9424620276617472E-002   1.3269105435893578     
   1.2566370543295626E-002  0.60451998006634822        3.5364331043412536E-002
   1.2566370543182827E-002  -5.7744212516005547E-003   1.2124115379642149     
   1.2566370543070029E-002   9.3816848865668725E-002  0.58930500571269673     
   1.2566370542957230E-002  -3.9424620277514567E-002   1.3269105435887909     
   1.2566370542844431E-002  0.60451998006638397        3.5364331042782249E-002
   1.2566370542731633E-002  -5.7744212524207476E-003   1.2124115379636244     
   1.2566370542618834E-002   9.3816848865268115E-002  0.58930500571196742     
   1.2566370542506035E-002  -3.9424620278411392E-002   1.3269105435882171     
   1.2566370542393237E-002  0.60451998006633512        3.5364331042197404E-002
   1.2566370542280438E-002  -5.7744212532390218E-003   1.2124115379630327     
   1.2566370542167639E-002   9.3816848864861524E-002  0.58930500571125433     
   1.2566370542054841E-002  -3.9424620279310055E-002   1.3269105435876472     
   1.2566370541942042E-002  0.60451998006632268        3.5364331041592548E-002
   1.2566370541829243E-002  -5.7744212540598409E-003   1.2124115379624421     
   1.2566370541716445E-002   9.3816848864457042E-002  0.58930500571053213     
   1.2566370541603646E-002  -3.9424620280209988E-002   1.3269105435870738     
   1.2566370541490847E-002  0.60451998006630669        3.5364331040990432E-002
   1.2566370541378049E-002  -5.7744212548797788E-003   1.2124115379618512     
   1.2566370541265250E-002   9.3816848864059582E-002  0.58930500570979683     
   1.2566370541152451E-002  -3.9424620281108436E-002   1.3269105435865010     
   1.2566370541039653E-002  0.60451998006628738        3.5364331040389899E-002
   1.2566370540926854E-002  -5.7744212557015451E-003   1.2124115379612677     
   1.2566370540814055E-002   9.3816848863660748E-002  0.58930500570906563     
   1.2566370540701257E-002  -3.9424620282005392E-002   1.3269105435859236     
   1.2566370540588458E-002  0.60451998006621388        3.5364331039818807E-002
   1.2566370540475659E-002  -5.7744212565224787E-003   1.2124115379606826     
   1.2566370540362861E-002   9.3816848863276028E-002  0.58930500570830435     
   1.2566370540250062E-002  -3.9424620282902542E-002   1.3269105435853563     
   1.2566370540137263E-002  0.60451998006623386        3.5364331039195909E-002
   1.2566370540024465E-002  -5.7744212573416984E-003   1.2124115379600890     
   1.2566370539911666E-002   9.3816848862862318E-002  0.58930500570760269     
   1.2566370539798867E-002  -3.9424620283801039E-002   1.3269105435847841     
   1.2566370539686069E-002  0.60451998006620999        3.5364331038597548E-002
   1.2566370539573270E-002  -5.7744212581634265E-003   1.2124115379595015     
   1.2566370539460471E-002   9.3816848862469548E-002  0.58930500570685851     
   1.2566370539347673E-002  -3.9424620284699799E-002   1.3269105435842148     
   1.2566370539234874E-002  0.60451998006621999        3.5364331037980763E-002
   1.2566370539122075E-002  -5.7744212589824935E-003   1.2124115379589080     
   1.2566370539009277E-002   9.3816848862057003E-002  0.58930500570615518     
   1.2566370538896478E-002  -3.9424620285598275E-002   1.3269105435836399     
   1.2566370538783679E-002  0.60451998006617691        3.5364331037393462E-002
   1.2566370538670881E-002  -5.7744212598044437E-003   1.2124115379583194     
   1.2566370538558082E-002   9.3816848861652896E-002  0.58930500570543265     
   1.2566370538445283E-002  -3.9424620286498131E-002   1.3269105435830650     
   1.2566370538332485E-002  0.60451998006613694        3.5364331036803490E-002
   1.2566370538219686E-002  -5.7744212606241629E-003   1.2124115379577343     
   1.2566370538106887E-002   9.3816848861269356E-002  0.58930500570466937     
   1.2566370537994089E-002  -3.9424620287394428E-002   1.3269105435824946     
   1.2566370537881290E-002  0.60451998006610108        3.5364331036211991E-002
   1.2566370537768492E-002  -5.7744212614459257E-003   1.2124115379571496     
   1.2566370537655693E-002   9.3816848860873839E-002  0.58930500570393274     
   1.2566370537542894E-002  -3.9424620288290226E-002   1.3269105435819204     
   1.2566370537430096E-002  0.60451998006610108        3.5364331035601160E-002
   1.2566370537317297E-002  -5.7744212622652911E-003   1.2124115379565565     
   1.2566370537204498E-002   9.3816848860463486E-002  0.58930500570322131     
   1.2566370537091700E-002  -3.9424620289189347E-002   1.3269105435813491     
   1.2566370536978901E-002  0.60451998006606167        3.5364331035011354E-002
   1.2566370536866102E-002  -5.7744212630870019E-003   1.2124115379559697     
   1.2566370536753304E-002   9.3816848860072258E-002  0.58930500570247690     
   1.2566370536640505E-002  -3.9424620290087170E-002   1.3269105435807758     
   1.2566370536527706E-002  0.60451998006602248        3.5364331034421402E-002
   1.2566370536414908E-002  -5.7744212639076458E-003   1.2124115379553853     
   1.2566370536302109E-002   9.3816848859676921E-002  0.58930500570173494     
   1.2566370536189310E-002  -3.9424620290984543E-002   1.3269105435802051     
   1.2566370536076512E-002  0.60451998006602181        3.5364331033811133E-002
   1.2566370535963713E-002  -5.7744212647278942E-003   1.2124115379547931     
   1.2566370535850914E-002   9.3816848859276991E-002  0.58930500570100808     
   1.2566370535738116E-002  -3.9424620291883927E-002   1.3269105435796318     
   1.2566370535625317E-002  0.60451998006597663        3.5364331033224464E-002
   1.2566370535512518E-002  -5.7744212655482310E-003   1.2124115379542095     
   1.2566370535399720E-002   9.3816848858881696E-002  0.58930500570026567     
   1.2566370535286921E-002  -3.9424620292781834E-002   1.3269105435790598     
   1.2566370535174122E-002  0.60451998006596597        3.5364331032617949E-002
   1.2566370535061324E-002  -5.7744212663693607E-003   1.2124115379536142     
   1.2566370534948525E-002   9.3816848858466723E-002  0.58930500569956601     
   1.2566370534835726E-002  -3.9424620293680650E-002   1.3269105435784876     
   1.2566370534722928E-002  0.60451998006593932        3.5364331032022009E-002
   1.2566370534610129E-002  -5.7744212671896195E-003   1.2124115379530340     
   1.2566370534497330E-002   9.3816848858084390E-002  0.58930500569880262     
   1.2566370534384532E-002  -3.9424620294576648E-002   1.3269105435779123     
   1.2566370534271733E-002  0.60451998006589114        3.5364331031436762E-002
   1.2566370534158934E-002  -5.7744212680111325E-003   1.2124115379524458     
   1.2566370534046136E-002   9.3816848857687068E-002  0.58930500569806710     
   1.2566370533933337E-002  -3.9424620295475325E-002   1.3269105435773421     
   1.2566370533820538E-002  0.60451998006590824        3.5364331030817334E-002
   1.2566370533707740E-002  -5.7744212688298525E-003   1.2124115379518521     
   1.2566370533594941E-002   9.3816848857279186E-002  0.58930500569735411     
   1.2566370533482142E-002  -3.9424620296372725E-002   1.3269105435767676     
   1.2566370533369344E-002  0.60451998006587326        3.5364331030224253E-002
   1.2566370533256545E-002  -5.7744212696508104E-003   1.2124115379512630     
   1.2566370533143746E-002   9.3816848856872956E-002  0.58930500569663691     
   1.2566370533030948E-002  -3.9424620297273678E-002   1.3269105435761934     
   1.2566370532918149E-002  0.60451998006581509        3.5364331029644730E-002
   1.2566370532805351E-002  -5.7744212704729844E-003   1.2124115379506801     
   1.2566370532692552E-002   9.3816848856493607E-002  0.58930500569586608     
   1.2566370532579753E-002  -3.9424620298168622E-002   1.3269105435756234     
   1.2566370532466955E-002  0.60451998006580177        3.5364331029040762E-002
   1.2566370532354156E-002  -5.7744212712921104E-003   1.2124115379500828     
   1.2566370532241357E-002   9.3816848856076385E-002  0.58930500569516997     
   1.2566370532128559E-002  -3.9424620299068652E-002   1.3269105435750490     
   1.2566370532015760E-002  0.60451998006577146        3.5364331028445828E-002
   1.2566370531902961E-002  -5.7744212721133076E-003   1.2124115379494966     
   1.2566370531790163E-002   9.3816848855686960E-002  0.58930500569442290     
   1.2566370531677364E-002  -3.9424620299965379E-002   1.3269105435744772     
   1.2566370531564565E-002  0.60451998006573693        3.5364331027854030E-002
   1.2566370531451767E-002  -5.7744212729328535E-003   1.2124115379489102     
   1.2566370531338968E-002   9.3816848855286336E-002  0.58930500569369126     
   1.2566370531226169E-002  -3.9424620300863480E-002   1.3269105435739017     
   1.2566370531113371E-002  0.60451998006571839        3.5364331027252532E-002
   1.2566370531000572E-002  -5.7744212737544029E-003   1.2124115379483231     
   1.2566370530887773E-002   9.3816848854896551E-002  0.58930500569294086     
   1.2566370530774975E-002  -3.9424620301761380E-002   1.3269105435733353     
   1.2566370530662176E-002  0.60451998006573837        3.5364331026630141E-002
   1.2566370530549377E-002  -5.7744212745745108E-003   1.2124115379477296     
   1.2566370530436579E-002   9.3816848854486490E-002  0.58930500569223243     
   1.2566370530323780E-002  -3.9424620302660994E-002   1.3269105435727635     
   1.2566370530210981E-002  0.60451998006571572        3.5364331026031801E-002
   1.2566370530098183E-002  -5.7744212753934807E-003   1.2124115379471436     
   1.2566370529985384E-002   9.3816848854086740E-002  0.58930500569149957     
   1.2566370529872585E-002  -3.9424620303558602E-002   1.3269105435721860     
   1.2566370529759787E-002  0.60451998006565721        3.5364331025452320E-002
   1.2566370529646988E-002  -5.7744212762153059E-003   1.2124115379465530     
   1.2566370529534189E-002   9.3816848853685908E-002  0.58930500569077293     
   1.2566370529421391E-002  -3.9424620304458098E-002   1.3269105435716182     
   1.2566370529308592E-002  0.60451998006566854        3.5364331024835091E-002
   1.2566370529195793E-002  -5.7744212770358613E-003   1.2124115379459639     
   1.2566370529082995E-002   9.3816848853285201E-002  0.58930500569004474     
   1.2566370528970196E-002  -3.9424620305354194E-002   1.3269105435710427     
   1.2566370528857397E-002  0.60451998006560526        3.5364331024258726E-002
   1.2566370528744599E-002  -5.7744212778575704E-003   1.2124115379453890     
   1.2566370528631800E-002   9.3816848852913998E-002  0.58930500568925648     
   1.2566370528519001E-002  -3.9424620306249922E-002   1.3269105435704724     
   1.2566370528406203E-002  0.60451998006560570        3.5364331023647735E-002
   1.2566370528293404E-002  -5.7744212786766703E-003   1.2124115379447893     
   1.2566370528180605E-002   9.3816848852489199E-002  0.58930500568857835     
   1.2566370528067807E-002  -3.9424620307150639E-002   1.3269105435699002     
   1.2566370527955008E-002  0.60451998006559204        3.5364331023042359E-002
   1.2566370527842209E-002  -5.7744212794977028E-003   1.2124115379441966     
   1.2566370527729411E-002   9.3816848852088047E-002  0.58930500568785216     
   1.2566370527616612E-002  -3.9424620308050398E-002   1.3269105435693256     
   1.2566370527503814E-002  0.60451998006555840        3.5364331022449992E-002
   1.2566370527391015E-002  -5.7744212803184317E-003   1.2124115379436127     
   1.2566370527278216E-002   9.3816848851695375E-002  0.58930500568710575     
   1.2566370527165418E-002  -3.9424620308947347E-002   1.3269105435687569     
   1.2566370527052619E-002  0.60451998006550833        3.5364331021866133E-002
   1.2566370526939820E-002  -5.7744212811394659E-003   1.2124115379430258     
   1.2566370526827022E-002   9.3816848851299164E-002  0.58930500568636934     
   1.2566370526714223E-002  -3.9424620309844310E-002   1.3269105435681829     
   1.2566370526601424E-002  0.60451998006555152        3.5364331021231009E-002
   1.2566370526488626E-002  -5.7744212819573794E-003   1.2124115379424281     
   1.2566370526375827E-002   9.3816848850885121E-002  0.58930500568566901     
   1.2566370526263028E-002  -3.9424620310744979E-002   1.3269105435676054     
   1.2566370526150230E-002  0.60451998006542484        3.5364331020689643E-002
   1.2566370526037431E-002  -5.7744212827809879E-003   1.2124115379418590     
   1.2566370525924632E-002   9.3816848850525436E-002  0.58930500568485678     
   1.2566370525811834E-002  -3.9424620311637015E-002   1.3269105435670383     
   1.2566370525699035E-002  0.60451998006546670        3.5364331020055290E-002
   1.2566370525586236E-002  -5.7744212835997878E-003   1.2124115379412617     
   1.2566370525473438E-002   9.3816848850099374E-002  0.58930500568417865     
   1.2566370525360639E-002  -3.9424620312538225E-002   1.3269105435664637     
   1.2566370525247840E-002  0.60451998006540253        3.5364331019478702E-002
   1.2566370525135042E-002  -5.7744212844226279E-003   1.2124115379406779     
   1.2566370525022243E-002   9.3816848849716958E-002  0.58930500568341426     
   1.2566370524909444E-002  -3.9424620313433779E-002   1.3269105435658910     
   1.2566370524796646E-002  0.60451998006538932        3.5364331018874942E-002
   1.2566370524683847E-002  -5.7744212852425016E-003   1.2124115379400868     
   1.2566370524571048E-002   9.3816848849309381E-002  0.58930500568270050     
   1.2566370524458250E-002  -3.9424620314334968E-002   1.3269105435653190     
   1.2566370524345451E-002  0.60451998006538421        3.5364331018267213E-002
   1.2566370524232652E-002  -5.7744212860622139E-003   1.2124115379394980     
   1.2566370524119854E-002   9.3816848848911588E-002  0.58930500568196575     
   1.2566370524007055E-002  -3.9424620315230877E-002   1.3269105435647490     
   1.2566370523894256E-002  0.60451998006535757        3.5364331017669628E-002
   1.2566370523781458E-002  -5.7744212868817459E-003   1.2124115379389053     
   1.2566370523668659E-002   9.3816848848501833E-002  0.58930500568125599     
   1.2566370523555860E-002  -3.9424620316132107E-002   1.3269105435641741     
   1.2566370523443062E-002  0.60451998006534402        3.5364331017066208E-002
   1.2566370523330263E-002  -5.7744212877024054E-003   1.2124115379383109     
   1.2566370523217464E-002   9.3816848848093645E-002  0.58930500568054134     
   1.2566370523104666E-002  -3.9424620317031311E-002   1.3269105435635962     
   1.2566370522991867E-002  0.60451998006527474        3.5364331016492820E-002
   1.2566370522879068E-002  -5.7744212885257537E-003   1.2124115379377356     
   1.2566370522766270E-002   9.3816848847722262E-002  0.58930500567975663     
   1.2566370522653471E-002  -3.9424620317925076E-002   1.3269105435630293     
   1.2566370522540673E-002  0.60451998006528485        3.5364331015876209E-002
   1.2566370522427874E-002  -5.7744212893451469E-003   1.2124115379371450     
   1.2566370522315075E-002   9.3816848847321083E-002  0.58930500567902733     
   1.2566370522202277E-002  -3.9424620318823253E-002   1.3269105435624569     
   1.2566370522089478E-002  0.60451998006526220        3.5364331015276904E-002
   1.2566370521976679E-002  -5.7744212901645851E-003   1.2124115379365548     
   1.2566370521863881E-002   9.3816848846917433E-002  0.58930500567830679     
   1.2566370521751082E-002  -3.9424620319722409E-002   1.3269105435618878     
   1.2566370521638283E-002  0.60451998006526053        3.5364331014666850E-002
   1.2566370521525485E-002  -5.7744212909851787E-003   1.2124115379359632     
   1.2566370521412686E-002   9.3816848846509662E-002  0.58930500567759148     
   1.2566370521299887E-002  -3.9424620320621266E-002   1.3269105435613109     
   1.2566370521187089E-002  0.60451998006519381        3.5364331014092219E-002
   1.2566370521074290E-002  -5.7744212918066813E-003   1.2124115379353810     
   1.2566370520961491E-002   9.3816848846121570E-002  0.58930500567683664     
   1.2566370520848693E-002  -3.9424620321517528E-002   1.3269105435607385     
   1.2566370520735894E-002  0.60451998006517826        3.5364331013488362E-002
   1.2566370520623095E-002  -5.7744212926272021E-003   1.2124115379347884     
   1.2566370520510297E-002   9.3816848845711759E-002  0.58930500567612876     
   1.2566370520397498E-002  -3.9424620322418225E-002   1.3269105435601667     
   1.2566370520284699E-002  0.60451998006514795        3.5364331012894379E-002
   1.2566370520171901E-002  -5.7744212934479240E-003   1.2124115379342075     
   1.2566370520059102E-002   9.3816848845329759E-002  0.58930500567536137     
   1.2566370519946303E-002  -3.9424620323313439E-002   1.3269105435595974     
   1.2566370519833505E-002  0.60451998006516827        3.5364331012271641E-002
   1.2566370519720706E-002  -5.7744212942664221E-003   1.2124115379336045     
   1.2566370519607907E-002   9.3816848844900588E-002  0.58930500567469246     
   1.2566370519495109E-002  -3.9424620324215287E-002   1.3269105435590236     
   1.2566370519382310E-002  0.60451998006512697        3.5364331011683056E-002
   1.2566370519269511E-002  -5.7744212950880218E-003   1.2124115379330171     
   1.2566370519156713E-002   9.3816848844508610E-002  0.58930500567394750     
   1.2566370519043914E-002  -3.9424620325113388E-002   1.3269105435584496     
   1.2566370518931115E-002  0.60451998006508456        3.5364331011095831E-002
   1.2566370518818317E-002  -5.7744212959080447E-003   1.2124115379324354     
   1.2566370518705518E-002   9.3816848844121462E-002  0.58930500567319100     
   1.2566370518592719E-002  -3.9424620326008741E-002   1.3269105435578774     
   1.2566370518479921E-002  0.60451998006507357        3.5364331010489650E-002
   1.2566370518367122E-002  -5.7744212967292124E-003   1.2124115379318443     
   1.2566370518254323E-002   9.3816848843715564E-002  0.58930500567247335     
   1.2566370518141525E-002  -3.9424620326907661E-002   1.3269105435573028     
   1.2566370518028726E-002  0.60451998006502106        3.5364331009907490E-002
   1.2566370517915927E-002  -5.7744212975507844E-003   1.2124115379312637     
   1.2566370517803129E-002   9.3816848843339046E-002  0.58930500567169597     
   1.2566370517690330E-002  -3.9424620327803417E-002   1.3269105435567368     
   1.2566370517577531E-002  0.60451998006508789        3.5364331009259058E-002
   1.2566370517464733E-002  -5.7744212983684862E-003   1.2124115379306546     
   1.2566370517351934E-002   9.3816848842895470E-002  0.58930500567105526     
   1.2566370517239136E-002  -3.9424620328706056E-002   1.3269105435561543     
   1.2566370517126337E-002  0.60451998006495933        3.5364331008719524E-002
   1.2566370517013538E-002  -5.7744212991921000E-003   1.2124115379300848     
   1.2566370516900740E-002   9.3816848842529596E-002  0.58930500567025779     
   1.2566370516787941E-002  -3.9424620329600077E-002   1.3269105435555899     
   1.2566370516675142E-002  0.60451998006499952        3.5364331008086142E-002
   1.2566370516562344E-002  -5.7744213000112087E-003   1.2124115379294871     
   1.2566370516449545E-002   9.3816848842115677E-002  0.58930500566955546     
   1.2566370516336746E-002  -3.9424620330500676E-002   1.3269105435550121     
   1.2566370516223948E-002  0.60451998006493446        3.5364331007509894E-002
   1.2566370516111149E-002  -5.7744213008327824E-003   1.2124115379289124     
   1.2566370515998350E-002   9.3816848841741685E-002  0.58930500566877198     
   1.2566370515885552E-002  -3.9424620331396307E-002   1.3269105435544466     
   1.2566370515772753E-002  0.60451998006496477        3.5364331006881862E-002
   1.2566370515659954E-002  -5.7744213016515944E-003   1.2124115379283085     
   1.2566370515547156E-002   9.3816848841317843E-002  0.58930500566808985     
   1.2566370515434357E-002  -3.9424620332297211E-002   1.3269105435538679     
   1.2566370515321558E-002  0.60451998006487828        3.5364331006318445E-002
   1.2566370515208760E-002  -5.7744213024741621E-003   1.2124115379277300     
   1.2566370515095961E-002   9.3816848840938674E-002  0.58930500566731614     
   1.2566370514983162E-002  -3.9424620333192287E-002   1.3269105435533028     
   1.2566370514870364E-002  0.60451998006494156        3.5364331005671427E-002
   1.2566370514757565E-002  -5.7744213032918067E-003   1.2124115379271303     
   1.2566370514644766E-002   9.3816848840513556E-002  0.58930500566664024     
   1.2566370514531968E-002  -3.9424620334093281E-002   1.3269105435527226     
   1.2566370514419169E-002  0.60451998006485186        3.5364331005110369E-002
   1.2566370514306370E-002  -5.7744213041144785E-003   1.2124115379265523     
   1.2566370514193572E-002   9.3816848840135678E-002  0.58930500566586752     
   1.2566370514080773E-002  -3.9424620334990487E-002   1.3269105435521549     
   1.2566370513967974E-002  0.60451998006485508        3.5364331004496888E-002
   1.2566370513855176E-002  -5.7744213049341214E-003   1.2124115379259552     
   1.2566370513742377E-002   9.3816848839726422E-002  0.58930500566515476     
   1.2566370513629578E-002  -3.9424620335889470E-002   1.3269105435515802     
   1.2566370513516780E-002  0.60451998006479313        3.5364331003918573E-002
   1.2566370513403981E-002  -5.7744213057570326E-003   1.2124115379253722     
   1.2566370513291182E-002   9.3816848839329364E-002  0.58930500566441857     
   1.2566370513178384E-002  -3.9424620336787203E-002   1.3269105435510098     
   1.2566370513065585E-002  0.60451998006482255        3.5364331003291234E-002
   1.2566370512952786E-002  -5.7744213065736225E-003   1.2124115379247791     
   1.2566370512839988E-002   9.3816848838923411E-002  0.58930500566370159     
   1.2566370512727189E-002  -3.9424620337684929E-002   1.3269105435504356     
   1.2566370512614390E-002  0.60451998006477581        3.5364331002706306E-002
   1.2566370512501592E-002  -5.7744213073953107E-003   1.2124115379241931     
   1.2566370512388793E-002   9.3816848838532252E-002  0.58930500566295441     
   1.2566370512275995E-002  -3.9424620338583363E-002   1.3269105435498614     
   1.2566370512163196E-002  0.60451998006472207        3.5364331002124653E-002
   1.2566370512050397E-002  -5.7744213082175817E-003   1.2124115379236107     
   1.2566370511937599E-002   9.3816848838142675E-002  0.58930500566220212     
   1.2566370511824800E-002  -3.9424620339479202E-002   1.3269105435492876     
   1.2566370511712001E-002  0.60451998006467345        3.5364331001540114E-002
   1.2566370511599203E-002  -5.7744213090379515E-003   1.2124115379230263     
   1.2566370511486404E-002   9.3816848837751599E-002  0.58930500566145594     
   1.2566370511373605E-002  -3.9424620340376373E-002   1.3269105435487241     
   1.2566370511260807E-002  0.60451998006474428        3.5364331000889315E-002
   1.2566370511148008E-002  -5.7744213098552023E-003   1.2124115379224192     
   1.2566370511035209E-002   9.3816848837322650E-002  0.58930500566078436     
   1.2566370510922411E-002  -3.9424620341276868E-002   1.3269105435481416     
   1.2566370510809612E-002  0.60451998006464136        3.5364331000335716E-002
   1.2566370510696813E-002  -5.7744213106784292E-003   1.2124115379218441     
   1.2566370510584015E-002   9.3816848836944772E-002  0.58930500566001109     
   1.2566370510471216E-002  -3.9424620342173693E-002   1.3269105435475732     
   1.2566370510358417E-002  0.60451998006463548        3.5364330999727335E-002
   1.2566370510245619E-002  -5.7744213114994947E-003   1.2124115379212510     
   1.2566370510132820E-002   9.3816848836532338E-002  0.58930500565930544     
   1.2566370510020021E-002  -3.9424620343073043E-002   1.3269105435469986     
   1.2566370509907223E-002  0.60451998006458940        3.5364330999141970E-002
   1.2566370509794424E-002  -5.7744213123214518E-003   1.2124115379206728     
   1.2566370509681625E-002   9.3816848836157110E-002  0.58930500565852384     
   1.2566370509568827E-002  -3.9424620343969055E-002   1.3269105435464279     
   1.2566370509456028E-002  0.60451998006459584        3.5364330998524776E-002
   1.2566370509343229E-002  -5.7744213131396323E-003   1.2124115379200726     
   1.2566370509230431E-002   9.3816848835734698E-002  0.58930500565783950     
   1.2566370509117632E-002  -3.9424620344870431E-002   1.3269105435458515     
   1.2566370509004833E-002  0.60451998006452601        3.5364330997953899E-002
   1.2566370508892035E-002  -5.7744213139617594E-003   1.2124115379194964     
   1.2566370508779236E-002   9.3816848835365160E-002  0.58930500565704858     
   1.2566370508666437E-002  -3.9424620345762294E-002   1.3269105435452841     
   1.2566370508553639E-002  0.60451998006453800        3.5364330997334492E-002
   1.2566370508440840E-002  -5.7744213147809496E-003   1.2124115379188980     
   1.2566370508328041E-002   9.3816848834941624E-002  0.58930500565636701     
   1.2566370508215243E-002  -3.9424620346664163E-002   1.3269105435447095     
   1.2566370508102444E-002  0.60451998006451568        3.5364330996735596E-002
   1.2566370507989645E-002  -5.7744213156026222E-003   1.2124115379183131     
   1.2566370507876847E-002   9.3816848834550812E-002  0.58930500565561772     
   1.2566370507764048E-002  -3.9424620347562479E-002   1.3269105435441415     
   1.2566370507651249E-002  0.60451998006451091        3.5364330996127999E-002
   1.2566370507538451E-002  -5.7744213164227596E-003   1.2124115379177252     
   1.2566370507425652E-002   9.3816848834148536E-002  0.58930500565489619     
   1.2566370507312854E-002  -3.9424620348460684E-002   1.3269105435435642     
   1.2566370507200055E-002  0.60451998006446728        3.5364330995540705E-002
   1.2566370507087256E-002  -5.7744213172435804E-003   1.2124115379171374     
   1.2566370506974458E-002   9.3816848833753977E-002  0.58930500565415422     
   1.2566370506861659E-002  -3.9424620349357023E-002   1.3269105435429924     
   1.2566370506748860E-002  0.60451998006447527        3.5364330994924309E-002
   1.2566370506636062E-002  -5.7744213180626926E-003   1.2124115379165412     
   1.2566370506523263E-002   9.3816848833339100E-002  0.58930500565345456     
   1.2566370506410464E-002  -3.9424620350257532E-002   1.3269105435424222     
   1.2566370506297666E-002  0.60451998006443097        3.5364330994337001E-002
   1.2566370506184867E-002  -5.7744213188838951E-003   1.2124115379159546     
   1.2566370506072068E-002   9.3816848832943139E-002  0.58930500565271782     
   1.2566370505959270E-002  -3.9424620351157215E-002   1.3269105435418509     
   1.2566370505846471E-002  0.60451998006441765        3.5364330993732693E-002
   1.2566370505733672E-002  -5.7744213197048685E-003   1.2124115379153713     
   1.2566370505620874E-002   9.3816848832560695E-002  0.58930500565195187     
   1.2566370505508075E-002  -3.9424620352050806E-002   1.3269105435412820     
   1.2566370505395276E-002  0.60451998006444563        3.5364330993106603E-002
   1.2566370505282478E-002  -5.7744213205241958E-003   1.2124115379147704     
   1.2566370505169679E-002   9.3816848832132274E-002  0.58930500565128030     
   1.2566370505056880E-002  -3.9424620352953077E-002   1.3269105435406985     
   1.2566370504944082E-002  0.60451998006432195        3.5364330992563454E-002
   1.2566370504831283E-002  -5.7744213213469474E-003   1.2124115379141969     
   1.2566370504718484E-002   9.3816848831765456E-002  0.58930500565048194     
   1.2566370504605686E-002  -3.9424620353847861E-002   1.3269105435401305     
   1.2566370504492887E-002  0.60451998006432284        3.5364330991952478E-002
   1.2566370504380088E-002  -5.7744213221662156E-003   1.2124115379136069     
   1.2566370504267290E-002   9.3816848831364319E-002  0.58930500564975707     
   1.2566370504154491E-002  -3.9424620354745657E-002   1.3269105435395618     
   1.2566370504041692E-002  0.60451998006435048        3.5364330991324806E-002
   1.2566370503928894E-002  -5.7744213229862767E-003   1.2124115379130072     
   1.2566370503816095E-002   9.3816848830939020E-002  0.58930500564907828     
   1.2566370503703296E-002  -3.9424620355646263E-002   1.3269105435389823     
   1.2566370503590498E-002  0.60451998006425400        3.5364330990767232E-002
   1.2566370503477699E-002  -5.7744213238083309E-003   1.2124115379124312     
   1.2566370503364900E-002   9.3816848830567179E-002  0.58930500564829047     
   1.2566370503252102E-002  -3.9424620356542622E-002   1.3269105435384154     
   1.2566370503139303E-002  0.60451998006427732        3.5364330990142495E-002
   1.2566370503026504E-002  -5.7744213246280780E-003   1.2124115379118363     
   1.2566370502913706E-002   9.3816848830157229E-002  0.58930500564758104     
   1.2566370502800907E-002  -3.9424620357440487E-002   1.3269105435378401     
   1.2566370502688108E-002  0.60451998006420948        3.5364330989568954E-002
   1.2566370502575310E-002  -5.7744213254503976E-003   1.2124115379112572     
   1.2566370502462511E-002   9.3816848829776700E-002  0.58930500564681310     
   1.2566370502349712E-002  -3.9424620358337291E-002   1.3269105435372703     
   1.2566370502236914E-002  0.60451998006422958        3.5364330988945744E-002
   1.2566370502124115E-002  -5.7744213262690535E-003   1.2124115379106588     
   1.2566370502011317E-002   9.3816848829357230E-002  0.58930500564612032     
   1.2566370501898518E-002  -3.9424620359236912E-002   1.3269105435366970     
   1.2566370501785719E-002  0.60451998006419316        3.5364330988355078E-002
   1.2566370501672921E-002  -5.7744213270897217E-003   1.2124115379100688     
   1.2566370501560122E-002   9.3816848828954497E-002  0.58930500564539878     
   1.2566370501447323E-002  -3.9424620360135734E-002   1.3269105435361206     
   1.2566370501334525E-002  0.60451998006413166        3.5364330987777588E-002
   1.2566370501221726E-002  -5.7744213279125219E-003   1.2124115379094922     
   1.2566370501108927E-002   9.3816848828580060E-002  0.58930500564461619     
   1.2566370500996129E-002  -3.9424620361030588E-002   1.3269105435355546     
   1.2566370500883330E-002  0.60451998006417074        3.5364330987144324E-002
   1.2566370500770531E-002  -5.7744213287303017E-003   1.2124115379088916     
   1.2566370500657733E-002   9.3816848828156843E-002  0.58930500564393284     
   1.2566370500544934E-002  -3.9424620361931159E-002   1.3269105435349795     
   1.2566370500432135E-002  0.60451998006412255        3.5364330986559771E-002
   1.2566370500319337E-002  -5.7744213295508971E-003   1.2124115379083009     
   1.2566370500206538E-002   9.3816848827750154E-002  0.58930500564321664     
   1.2566370500093739E-002  -3.9424620362830398E-002   1.3269105435344037     
   1.2566370499980941E-002  0.60451998006404828        3.5364330985989526E-002
   1.2566370499868142E-002  -5.7744213303743252E-003   1.2124115379077287     
   1.2566370499755343E-002   9.3816848827384891E-002  0.58930500564241683     
   1.2566370499642545E-002  -3.9424620363723982E-002   1.3269105435338360     
   1.2566370499529746E-002  0.60451998006405472        3.5364330985374101E-002
   1.2566370499416947E-002  -5.7744213311928701E-003   1.2124115379071307     
   1.2566370499304149E-002   9.3816848826966254E-002  0.58930500564172517     
   1.2566370499191350E-002  -3.9424620364625053E-002   1.3269105435332613     
   1.2566370499078551E-002  0.60451998006404351        3.5364330984769238E-002
   1.2566370498965753E-002  -5.7744213320126154E-003   1.2124115379065448     
   1.2566370498852954E-002   9.3816848826575913E-002  0.58930500564097732     
   1.2566370498740155E-002  -3.9424620365522633E-002   1.3269105435326876     
   1.2566370498627357E-002  0.60451998006401841        3.5364330984173110E-002
   1.2566370498514558E-002  -5.7744213328345950E-003   1.2124115379059524     
   1.2566370498401759E-002   9.3816848826170224E-002  0.58930500564026045     
   1.2566370498288961E-002  -3.9424620366421220E-002   1.3269105435321169     
   1.2566370498176162E-002  0.60451998006398278        3.5364330983579897E-002
   1.2566370498063363E-002  -5.7744213336554558E-003   1.2124115379053688     
   1.2566370497950565E-002   9.3816848825784574E-002  0.58930500563950106     
   1.2566370497837766E-002  -3.9424620367318142E-002   1.3269105435315443     
   1.2566370497724967E-002  0.60451998006395669        3.5364330982981855E-002
   1.2566370497612169E-002  -5.7744213344763737E-003   1.2124115379047795     
   1.2566370497499370E-002   9.3816848825378413E-002  0.58930500563878419     
   1.2566370497386571E-002  -3.9424620368217415E-002   1.3269105435309738     
   1.2566370497273773E-002  0.60451998006397389        3.5364330982363010E-002
   1.2566370497160974E-002  -5.7744213352937165E-003   1.2124115379041824     
   1.2566370497048176E-002   9.3816848824960636E-002  0.58930500563809030     
   1.2566370496935377E-002  -3.9424620369117508E-002   1.3269105435303983     
   1.2566370496822578E-002  0.60451998006388186        3.5364330981801667E-002
   1.2566370496709780E-002  -5.7744213361170978E-003   1.2124115379036062     
   1.2566370496596981E-002   9.3816848824592278E-002  0.58930500563729538     
   1.2566370496484182E-002  -3.9424620370011515E-002   1.3269105435298332     
   1.2566370496371384E-002  0.60451998006397101        3.5364330981140488E-002
   1.2566370496258585E-002  -5.7744213369341109E-003   1.2124115379030023     
   1.2566370496145786E-002   9.3816848824160443E-002  0.58930500563663013     
   1.2566370496032988E-002  -3.9424620370913842E-002   1.3269105435292550     
