   1.2566370608718848E-002 -0.11040159683190243        1.9289918556406931     
   1.2566370608606050E-002 -0.28257764941458119        1.9981380362563490     
   1.2566370608493251E-002 -0.11040150997366641        1.9289918004039830     
   1.2566370608380452E-002 -0.28257788572666476        1.9981380934587945     
   1.2566370608267654E-002 -0.11040146905441758        1.9289917743814911     
   1.2566370608154855E-002 -0.28257799705556991        1.9981381204072430     
   1.2566370608042056E-002 -0.11040144977746111        1.9289917621220998     
   1.2566370607929258E-002 -0.28257804950365917        1.9981381331027572     
   1.2566370607816459E-002 -0.11040144069632808        1.9289917563465944     
   1.2566370607703660E-002 -0.28257807421258729        1.9981381390836159     
   1.2566370607590862E-002 -0.11040143641850654        1.9289917536256895     
   1.2566370607478063E-002 -0.28257808585343308        1.9981381419011623     
   1.2566370607365264E-002 -0.11040143440354688        1.9289917523438169     
   1.2566370607252466E-002 -0.28257809133786244        1.9981381432284642     
   1.2566370607139667E-002 -0.11040143345463968        1.9289917517398816     
   1.2566370607026868E-002 -0.28257809392197991        1.9981381438537016     
   1.2566370606914070E-002 -0.11040143300794966        1.9289917514553296     
   1.2566370606801271E-002 -0.28257809513968024        1.9981381441481827     
   1.2566370606688472E-002 -0.11040143279786135        1.9289917513212373     
   1.2566370606575674E-002 -0.28257809571373382        1.9981381442868575     
   1.2566370606462875E-002 -0.11040143269922327        1.9289917512580235     
   1.2566370606350076E-002 -0.28257809598454287        1.9981381443521273     
   1.2566370606237278E-002 -0.11040143265311206        1.9289917512282109     
   1.2566370606124479E-002 -0.28257809611243301        1.9981381443828050     
   1.2566370606011680E-002 -0.11040143263173713        1.9289917512141290     
   1.2566370605898882E-002 -0.28257809617304097        1.9981381443971926     
   1.2566370605786083E-002 -0.11040143262200723        1.9289917512074539     
   1.2566370605673284E-002 -0.28257809620197027        1.9981381444039124     
   1.2566370605560486E-002 -0.11040143261776728        1.9289917512042709     
   1.2566370605447687E-002 -0.28257809621594471        1.9981381444070139     
   1.2566370605334888E-002 -0.11040143261611218        1.9289917512027290     
   1.2566370605222090E-002 -0.28257809622292968        1.9981381444084234     
   1.2566370605109291E-002 -0.11040143261568458        1.9289917512019701     
   1.2566370604996492E-002 -0.28257809622651592        1.9981381444090087     
   1.2566370604883694E-002 -0.11040143261582187        1.9289917512015693     
   1.2566370604770895E-002 -0.28257809622859853        1.9981381444092314     
   1.2566370604658096E-002 -0.11040143261623438        1.9289917512013444     
   1.2566370604545298E-002 -0.28257809622991581        1.9981381444092678     
   1.2566370604432499E-002 -0.11040143261677571        1.9289917512012014     
   1.2566370604319701E-002 -0.28257809623090224        1.9981381444092248     
   1.2566370604206902E-002 -0.11040143261738114        1.9289917512010966     
   1.2566370604094103E-002 -0.28257809623170210        1.9981381444091357     
   1.2566370603981305E-002 -0.11040143261800409        1.9289917512010042     
   1.2566370603868506E-002 -0.28257809623246671        1.9981381444090405     
   1.2566370603755707E-002 -0.11040143261863319        1.9289917512009167     
   1.2566370603642909E-002 -0.28257809623323327        1.9981381444089426     
   1.2566370603530110E-002 -0.11040143261928893        1.9289917512008452     
   1.2566370603417311E-002 -0.28257809623389474        1.9981381444088211     
   1.2566370603304513E-002 -0.11040143261993465        1.9289917512007666     
   1.2566370603191714E-002 -0.28257809623457741        1.9981381444087054     
   1.2566370603078915E-002 -0.11040143262058578        1.9289917512006922     
   1.2566370602966117E-002 -0.28257809623527674        1.9981381444085904     
   1.2566370602853318E-002 -0.11040143262124411        1.9289917512006234     
   1.2566370602740519E-002 -0.28257809623592645        1.9981381444084672     
   1.2566370602627721E-002 -0.11040143262189780        1.9289917512005506     
   1.2566370602514922E-002 -0.28257809623659924        1.9981381444083475     
   1.2566370602402123E-002 -0.11040143262255009        1.9289917512004771     
   1.2566370602289325E-002 -0.28257809623728114        1.9981381444082320     
   1.2566370602176526E-002 -0.11040143262319145        1.9289917512003991     
   1.2566370602063727E-002 -0.28257809623798641        1.9981381444081183     
   1.2566370601950929E-002 -0.11040143262384847        1.9289917512003278     
   1.2566370601838130E-002 -0.28257809623865038        1.9981381444079978     
   1.2566370601725331E-002 -0.11040143262450812        1.9289917512002581     
   1.2566370601612533E-002 -0.28257809623932018        1.9981381444078792     
   1.2566370601499734E-002 -0.11040143262514311        1.9289917512001733     
   1.2566370601386935E-002 -0.28257809624004832        1.9981381444077733     
   1.2566370601274137E-002 -0.11040143262580486        1.9289917512001091     
   1.2566370601161338E-002 -0.28257809624069086        1.9981381444076465     
   1.2566370601048539E-002 -0.11040143262645372        1.9289917512000339     
   1.2566370600935741E-002 -0.28257809624135549        1.9981381444075246     
   1.2566370600822942E-002 -0.11040143262711180        1.9289917511999646     
   1.2566370600710143E-002 -0.28257809624201974        1.9981381444074047     
   1.2566370600597345E-002 -0.11040143262777538        1.9289917511998973     
   1.2566370600484546E-002 -0.28257809624266983        1.9981381444072794     
   1.2566370600371747E-002 -0.11040143262844027        1.9289917511998327     
   1.2566370600258949E-002 -0.28257809624332425        1.9981381444071553     
   1.2566370600146150E-002 -0.11040143262908808        1.9289917511997550     
   1.2566370600033351E-002 -0.28257809624399188        1.9981381444070370     
   1.2566370599920553E-002 -0.11040143262972371        1.9289917511996706     
   1.2566370599807754E-002 -0.28257809624474345        1.9981381444069355     
   1.2566370599694955E-002 -0.11040143263037080        1.9289917511995975     
   1.2566370599582157E-002 -0.28257809624540808        1.9981381444068143     
   1.2566370599469358E-002 -0.11040143263103708        1.9289917511995307     
   1.2566370599356559E-002 -0.28257809624605401        1.9981381444066892     
   1.2566370599243761E-002 -0.11040143263167512        1.9289917511994477     
   1.2566370599130962E-002 -0.28257809624678881        1.9981381444065838     
   1.2566370599018164E-002 -0.11040143263233489        1.9289917511993788     
   1.2566370598905365E-002 -0.28257809624743579        1.9981381444064603     
   1.2566370598792566E-002 -0.11040143263299163        1.9289917511993100     
   1.2566370598679768E-002 -0.28257809624809960        1.9981381444063375     
   1.2566370598566969E-002 -0.11040143263363129        1.9289917511992285     
   1.2566370598454170E-002 -0.28257809624881758        1.9981381444062298     
   1.2566370598341372E-002 -0.11040143263428037        1.9289917511991537     
   1.2566370598228573E-002 -0.28257809624949498        1.9981381444061113     
   1.2566370598115774E-002 -0.11040143263495020        1.9289917511990904     
   1.2566370598002976E-002 -0.28257809625013708        1.9981381444059851     
   1.2566370597890177E-002 -0.11040143263559274        1.9289917511990105     
   1.2566370597777378E-002 -0.28257809625085184        1.9981381444058746     
   1.2566370597664580E-002 -0.11040143263625229        1.9289917511989427     
   1.2566370597551781E-002 -0.28257809625147529        1.9981381444057456     
   1.2566370597438982E-002 -0.11040143263689850        1.9289917511988672     
   1.2566370597326184E-002 -0.28257809625216596        1.9981381444056308     
   1.2566370597213385E-002 -0.11040143263754582        1.9289917511987882     
   1.2566370597100586E-002 -0.28257809625287489        1.9981381444055186     
   1.2566370596987788E-002 -0.11040143263820666        1.9289917511987213     
   1.2566370596874989E-002 -0.28257809625354358        1.9981381444053989     
   1.2566370596762190E-002 -0.11040143263886223        1.9289917511986496     
   1.2566370596649392E-002 -0.28257809625420971        1.9981381444052786     
   1.2566370596536593E-002 -0.11040143263951266        1.9289917511985766     
   1.2566370596423794E-002 -0.28257809625487917        1.9981381444051580     
   1.2566370596310996E-002 -0.11040143264016963        1.9289917511985062     
   1.2566370596198197E-002 -0.28257809625554253        1.9981381444050372     
   1.2566370596085398E-002 -0.11040143264083190        1.9289917511984367     
   1.2566370595972600E-002 -0.28257809625621644        1.9981381444049180     
   1.2566370595859801E-002 -0.11040143264148804        1.9289917511983670     
   1.2566370595747002E-002 -0.28257809625685437        1.9981381444047910     
   1.2566370595634204E-002 -0.11040143264213713        1.9289917511982908     
   1.2566370595521405E-002 -0.28257809625754809        1.9981381444046764     
   1.2566370595408606E-002 -0.11040143264278683        1.9289917511982169     
   1.2566370595295808E-002 -0.28257809625825542        1.9981381444045654     
   1.2566370595183009E-002 -0.11040143264342434        1.9289917511981363     
   1.2566370595070210E-002 -0.28257809625895186        1.9981381444044517     
   1.2566370594957412E-002 -0.11040143264408123        1.9289917511980652     
   1.2566370594844613E-002 -0.28257809625961455        1.9981381444043298     
   1.2566370594731814E-002 -0.11040143264473706        1.9289917511979955     
   1.2566370594619016E-002 -0.28257809626026659        1.9981381444042079     
   1.2566370594506217E-002 -0.11040143264538600        1.9289917511979178     
   1.2566370594393418E-002 -0.28257809626097657        1.9981381444040962     
   1.2566370594280620E-002 -0.11040143264604707        1.9289917511978498     
   1.2566370594167821E-002 -0.28257809626163116        1.9981381444039725     
   1.2566370594055023E-002 -0.11040143264670452        1.9289917511977792     
   1.2566370593942224E-002 -0.28257809626229707        1.9981381444038528     
   1.2566370593829425E-002 -0.11040143264734759        1.9289917511977024     
   1.2566370593716627E-002 -0.28257809626297681        1.9981381444037345     
   1.2566370593603828E-002 -0.11040143264800385        1.9289917511976304     
   1.2566370593491029E-002 -0.28257809626364877        1.9981381444036166     
   1.2566370593378231E-002 -0.11040143264864270        1.9289917511975485     
   1.2566370593265432E-002 -0.28257809626436664        1.9981381444035071     
   1.2566370593152633E-002 -0.11040143264931516        1.9289917511974872     
   1.2566370593039835E-002 -0.28257809626498737        1.9981381444033754     
   1.2566370592927036E-002 -0.11040143264996979        1.9289917511974168     
   1.2566370592814237E-002 -0.28257809626566244        1.9981381444032573     
   1.2566370592701439E-002 -0.11040143265060987        1.9289917511973336     
   1.2566370592588640E-002 -0.28257809626639713        1.9981381444031519     
   1.2566370592475841E-002 -0.11040143265127125        1.9289917511972678     
   1.2566370592363043E-002 -0.28257809626704050        1.9981381444030257     
   1.2566370592250244E-002 -0.11040143265193175        1.9289917511971975     
   1.2566370592137445E-002 -0.28257809626770514        1.9981381444029054     
   1.2566370592024647E-002 -0.11040143265257721        1.9289917511971222     
   1.2566370591911848E-002 -0.28257809626837216        1.9981381444027841     
   1.2566370591799049E-002 -0.11040143265323221        1.9289917511970509     
   1.2566370591686251E-002 -0.28257809626903801        1.9981381444026629     
   1.2566370591573452E-002 -0.11040143265388630        1.9289917511969776     
   1.2566370591460653E-002 -0.28257809626973190        1.9981381444025508     
   1.2566370591347855E-002 -0.11040143265452308        1.9289917511968970     
   1.2566370591235056E-002 -0.28257809627043257        1.9981381444024380     
   1.2566370591122257E-002 -0.11040143265519067        1.9289917511968309     
   1.2566370591009459E-002 -0.28257809627108416        1.9981381444023123     
   1.2566370590896660E-002 -0.11040143265583802        1.9289917511967549     
   1.2566370590783861E-002 -0.28257809627176783        1.9981381444021957     
   1.2566370590671063E-002 -0.11040143265648954        1.9289917511966796     
   1.2566370590558264E-002 -0.28257809627246244        1.9981381444020820     
   1.2566370590445465E-002 -0.11040143265714183        1.9289917511966084     
   1.2566370590332667E-002 -0.28257809627313213        1.9981381444019630     
   1.2566370590219868E-002 -0.11040143265778993        1.9289917511965327     
   1.2566370590107069E-002 -0.28257809627382835        1.9981381444018487     
   1.2566370589994271E-002 -0.11040143265844049        1.9289917511964585     
   1.2566370589881472E-002 -0.28257809627450292        1.9981381444017312     
   1.2566370589768673E-002 -0.11040143265909236        1.9289917511963846     
   1.2566370589655875E-002 -0.28257809627518954        1.9981381444016140     
   1.2566370589543076E-002 -0.11040143265976221        1.9289917511963230     
   1.2566370589430277E-002 -0.28257809627581076        1.9981381444014836     
   1.2566370589317479E-002 -0.11040143266040515        1.9289917511962431     
   1.2566370589204680E-002 -0.28257809627649372        1.9981381444013668     
   1.2566370589091881E-002 -0.11040143266106620        1.9289917511961769     
   1.2566370588979083E-002 -0.28257809627715552        1.9981381444012445     
   1.2566370588866284E-002 -0.11040143266172306        1.9289917511961068     
   1.2566370588753486E-002 -0.28257809627782371        1.9981381444011248     
   1.2566370588640687E-002 -0.11040143266235519        1.9289917511960182     
   1.2566370588527888E-002 -0.28257809627856123        1.9981381444010207     
   1.2566370588415090E-002 -0.11040143266301872        1.9289917511959545     
   1.2566370588302291E-002 -0.28257809627919789        1.9981381444008932     
   1.2566370588189492E-002 -0.11040143266367070        1.9289917511958790     
   1.2566370588076694E-002 -0.28257809627988689        1.9981381444007780     
   1.2566370587963895E-002 -0.11040143266432131        1.9289917511958043     
   1.2566370587851096E-002 -0.28257809628058883        1.9981381444006654     
   1.2566370587738298E-002 -0.11040143266496878        1.9289917511957302     
   1.2566370587625499E-002 -0.28257809628126973        1.9981381444005488     
   1.2566370587512700E-002 -0.11040143266563218        1.9289917511956631     
   1.2566370587399902E-002 -0.28257809628189229        1.9981381444004187     
   1.2566370587287103E-002 -0.11040143266627642        1.9289917511955836     
   1.2566370587174304E-002 -0.28257809628260566        1.9981381444003092     
   1.2566370587061506E-002 -0.11040143266693858        1.9289917511955168     
   1.2566370586948707E-002 -0.28257809628326042        1.9981381444001840     
   1.2566370586835908E-002 -0.11040143266759245        1.9289917511954466     
   1.2566370586723110E-002 -0.28257809628391622        1.9981381444000619     
   1.2566370586610311E-002 -0.11040143266823663        1.9289917511953678     
   1.2566370586497512E-002 -0.28257809628461056        1.9981381443999473     
   1.2566370586384714E-002 -0.11040143266889493        1.9289917511952972     
   1.2566370586271915E-002 -0.28257809628528990        1.9981381443998305     
   1.2566370586159116E-002 -0.11040143266954670        1.9289917511952219     
   1.2566370586046318E-002 -0.28257809628596137        1.9981381443997108     
   1.2566370585933519E-002 -0.11040143267018748        1.9289917511951444     
   1.2566370585820720E-002 -0.28257809628667807        1.9981381443996009     
   1.2566370585707922E-002 -0.11040143267084934        1.9289917511950776     
   1.2566370585595123E-002 -0.28257809628731817        1.9981381443994735     
   1.2566370585482324E-002 -0.11040143267151330        1.9289917511950090     
   1.2566370585369526E-002 -0.28257809628799413        1.9981381443993573     
   1.2566370585256727E-002 -0.11040143267214644        1.9289917511949257     
   1.2566370585143928E-002 -0.28257809628868619        1.9981381443992428     
   1.2566370585031130E-002 -0.11040143267280937        1.9289917511948589     
   1.2566370584918331E-002 -0.28257809628934311        1.9981381443991186     
   1.2566370584805532E-002 -0.11040143267345534        1.9289917511947814     
   1.2566370584692734E-002 -0.28257809629003872        1.9981381443990054     
   1.2566370584579935E-002 -0.11040143267411562        1.9289917511947103     
   1.2566370584467136E-002 -0.28257809629072483        1.9981381443988901     
   1.2566370584354338E-002 -0.11040143267476818        1.9289917511946397     
   1.2566370584241539E-002 -0.28257809629137198        1.9981381443987640     
   1.2566370584128740E-002 -0.11040143267543365        1.9289917511945751     
   1.2566370584015942E-002 -0.28257809629202157        1.9981381443986395     
   1.2566370583903143E-002 -0.11040143267606489        1.9289917511944881     
   1.2566370583790345E-002 -0.28257809629276076        1.9981381443985353     
   1.2566370583677546E-002 -0.11040143267671511        1.9289917511944130     
   1.2566370583564747E-002 -0.28257809629344544        1.9981381443984201     
   1.2566370583451949E-002 -0.11040143267736630        1.9289917511943406     
   1.2566370583339150E-002 -0.28257809629412750        1.9981381443983024     
   1.2566370583226351E-002 -0.11040143267803196        1.9289917511942742     
   1.2566370583113553E-002 -0.28257809629475722        1.9981381443981721     
   1.2566370583000754E-002 -0.11040143267868754        1.9289917511942063     
   1.2566370582887955E-002 -0.28257809629541464        1.9981381443980510     
   1.2566370582775157E-002 -0.11040143267935465        1.9289917511941419     
   1.2566370582662358E-002 -0.28257809629604552        1.9981381443979211     
   1.2566370582549559E-002 -0.11040143267999888        1.9289917511940626     
   1.2566370582436761E-002 -0.28257809629675651        1.9981381443978108     
   1.2566370582323962E-002 -0.11040143268065715        1.9289917511939905     
   1.2566370582211163E-002 -0.28257809629743091        1.9981381443976911     
   1.2566370582098365E-002 -0.11040143268130452        1.9289917511939167     
   1.2566370581985566E-002 -0.28257809629811620        1.9981381443975752     
   1.2566370581872767E-002 -0.11040143268196860        1.9289917511938499     
   1.2566370581759969E-002 -0.28257809629876429        1.9981381443974515     
   1.2566370581647170E-002 -0.11040143268260474        1.9289917511937660     
   1.2566370581534371E-002 -0.28257809629949016        1.9981381443973429     
   1.2566370581421573E-002 -0.11040143268325682        1.9289917511936940     
   1.2566370581308774E-002 -0.28257809630016467        1.9981381443972255     
   1.2566370581195975E-002 -0.11040143268391239        1.9289917511936219     
   1.2566370581083177E-002 -0.28257809630082281        1.9981381443971031     
   1.2566370580970378E-002 -0.11040143268455951        1.9289917511935466     
   1.2566370580857579E-002 -0.28257809630151576        1.9981381443969883     
   1.2566370580744781E-002 -0.11040143268521557        1.9289917511934751     
   1.2566370580631982E-002 -0.28257809630219050        1.9981381443968700     
   1.2566370580519183E-002 -0.11040143268586594        1.9289917511933994     
   1.2566370580406385E-002 -0.28257809630288006        1.9981381443967552     
   1.2566370580293586E-002 -0.11040143268652228        1.9289917511933297     
   1.2566370580180787E-002 -0.28257809630355613        1.9981381443966362     
   1.2566370580067989E-002 -0.11040143268718836        1.9289917511932653     
   1.2566370579955190E-002 -0.28257809630416775        1.9981381443965041     
   1.2566370579842391E-002 -0.11040143268782598        1.9289917511931833     
   1.2566370579729593E-002 -0.28257809630489367        1.9981381443963970     
   1.2566370579616794E-002 -0.11040143268848049        1.9289917511931098     
   1.2566370579503995E-002 -0.28257809630557551        1.9981381443962787     
   1.2566370579391197E-002 -0.11040143268913313        1.9289917511930399     
   1.2566370579278398E-002 -0.28257809630624187        1.9981381443961586     
   1.2566370579165599E-002 -0.11040143268978563        1.9289917511929646     
   1.2566370579052801E-002 -0.28257809630690456        1.9981381443960389     
   1.2566370578940002E-002 -0.11040143269042646        1.9289917511928842     
   1.2566370578827203E-002 -0.28257809630762998        1.9981381443959307     
   1.2566370578714405E-002 -0.11040143269109085        1.9289917511928181     
   1.2566370578601606E-002 -0.28257809630827158        1.9981381443958040     
   1.2566370578488808E-002 -0.11040143269174384        1.9289917511927444     
   1.2566370578376009E-002 -0.28257809630895814        1.9981381443956885     
   1.2566370578263210E-002 -0.11040143269241379        1.9289917511926811     
   1.2566370578150412E-002 -0.28257809630957553        1.9981381443955573     
   1.2566370578037613E-002 -0.11040143269304310        1.9289917511925947     
   1.2566370577924814E-002 -0.28257809631033354        1.9981381443954571     
   1.2566370577812016E-002 -0.11040143269369597        1.9289917511925239     
   1.2566370577699217E-002 -0.28257809631097569        1.9981381443953306     
   1.2566370577586418E-002 -0.11040143269435776        1.9289917511924559     
   1.2566370577473620E-002 -0.28257809631165881        1.9981381443952135     
   1.2566370577360821E-002 -0.11040143269500020        1.9289917511923771     
   1.2566370577248022E-002 -0.28257809631232444        1.9981381443950936     
   1.2566370577135224E-002 -0.11040143269565864        1.9289917511923080     
   1.2566370577022425E-002 -0.28257809631301095        1.9981381443949764     
   1.2566370576909626E-002 -0.11040143269631994        1.9289917511922388     
   1.2566370576796828E-002 -0.28257809631365755        1.9981381443948527     
   1.2566370576684029E-002 -0.11040143269697322        1.9289917511921670     
   1.2566370576571230E-002 -0.28257809631432018        1.9981381443947286     
   1.2566370576458432E-002 -0.11040143269763529        1.9289917511920993     
   1.2566370576345633E-002 -0.28257809631498626        1.9981381443946096     
   1.2566370576232834E-002 -0.11040143269827875        1.9289917511920194     
   1.2566370576120036E-002 -0.28257809631570269        1.9981381443945017     
   1.2566370576007237E-002 -0.11040143269893953        1.9289917511919521     
   1.2566370575894438E-002 -0.28257809631635056        1.9981381443943773     
   1.2566370575781640E-002 -0.11040143269957037        1.9289917511918637     
   1.2566370575668841E-002 -0.28257809631708730        1.9981381443942723     
   1.2566370575556042E-002 -0.11040143270021177        1.9289917511917856     
   1.2566370575443244E-002 -0.28257809631777214        1.9981381443941559     
   1.2566370575330445E-002 -0.11040143270087796        1.9289917511917216     
   1.2566370575217646E-002 -0.28257809631840847        1.9981381443940280     
   1.2566370575104848E-002 -0.11040143270151870        1.9289917511916419     
   1.2566370574992049E-002 -0.28257809631913822        1.9981381443939223     
   1.2566370574879250E-002 -0.11040143270217681        1.9289917511915704     
   1.2566370574766452E-002 -0.28257809631980019        1.9981381443938018     
   1.2566370574653653E-002 -0.11040143270283496        1.9289917511915011     
   1.2566370574540854E-002 -0.28257809632045705        1.9981381443936788     
   1.2566370574428056E-002 -0.11040143270348357        1.9289917511914261     
   1.2566370574315257E-002 -0.28257809632113817        1.9981381443935609     
   1.2566370574202458E-002 -0.11040143270414826        1.9289917511913612     
   1.2566370574089660E-002 -0.28257809632179748        1.9981381443934387     
   1.2566370573976861E-002 -0.11040143270478764        1.9289917511912800     
   1.2566370573864062E-002 -0.28257809632250258        1.9981381443933255     
   1.2566370573751264E-002 -0.11040143270544107        1.9289917511912069     
   1.2566370573638465E-002 -0.28257809632316944        1.9981381443932060     
   1.2566370573525667E-002 -0.11040143270610175        1.9289917511911394     
   1.2566370573412868E-002 -0.28257809632383207        1.9981381443930841     
   1.2566370573300069E-002 -0.11040143270677077        1.9289917511910744     
   1.2566370573187271E-002 -0.28257809632448100        1.9981381443929602     
   1.2566370573074472E-002 -0.11040143270741612        1.9289917511909977     
   1.2566370572961673E-002 -0.28257809632515962        1.9981381443928437     
   1.2566370572848875E-002 -0.11040143270806210        1.9289917511909214     
   1.2566370572736076E-002 -0.28257809632585140        1.9981381443927269     
   1.2566370572623277E-002 -0.11040143270872112        1.9289917511908523     
   1.2566370572510479E-002 -0.28257809632650088        1.9981381443926034     
   1.2566370572397680E-002 -0.11040143270937412        1.9289917511907786     
   1.2566370572284881E-002 -0.28257809632720032        1.9981381443924902     
   1.2566370572172083E-002 -0.11040143271001301        1.9289917511906984     
   1.2566370572059284E-002 -0.28257809632788888        1.9981381443923756     
   1.2566370571946485E-002 -0.11040143271066805        1.9289917511906252     
   1.2566370571833687E-002 -0.28257809632856951        1.9981381443922592     
   1.2566370571720888E-002 -0.11040143271131014        1.9289917511905461     
   1.2566370571608089E-002 -0.28257809632926650        1.9981381443921453     
   1.2566370571495291E-002 -0.11040143271197791        1.9289917511904808     
   1.2566370571382492E-002 -0.28257809632992770        1.9981381443920230     
   1.2566370571269693E-002 -0.11040143271263185        1.9289917511904100     
   1.2566370571156895E-002 -0.28257809633060249        1.9981381443919020     
   1.2566370571044096E-002 -0.11040143271328207        1.9289917511903356     
   1.2566370570931297E-002 -0.28257809633127268        1.9981381443917838     
   1.2566370570818499E-002 -0.11040143271394272        1.9289917511902683     
   1.2566370570705700E-002 -0.28257809633190728        1.9981381443916564     
   1.2566370570592901E-002 -0.11040143271459647        1.9289917511901957     
   1.2566370570480103E-002 -0.28257809633260339        1.9981381443915418     
   1.2566370570367304E-002 -0.11040143271524584        1.9289917511901218     
   1.2566370570254505E-002 -0.28257809633326564        1.9981381443914215     
   1.2566370570141707E-002 -0.11040143271590197        1.9289917511900503     
   1.2566370570028908E-002 -0.28257809633395131        1.9981381443913029     
   1.2566370569916109E-002 -0.11040143271656430        1.9289917511899832     
   1.2566370569803311E-002 -0.28257809633460340        1.9981381443911801     
   1.2566370569690512E-002 -0.11040143271720704        1.9289917511899033     
   1.2566370569577713E-002 -0.28257809633531267        1.9981381443910693     
   1.2566370569464915E-002 -0.11040143271785009        1.9289917511898254     
   1.2566370569352116E-002 -0.28257809633599978        1.9981381443909536     
   1.2566370569239317E-002 -0.11040143271850761        1.9289917511897561     
   1.2566370569126519E-002 -0.28257809633665393        1.9981381443908286     
   1.2566370569013720E-002 -0.11040143271917455        1.9289917511896899     
   1.2566370568900921E-002 -0.28257809633731401        1.9981381443907085     
   1.2566370568788123E-002 -0.11040143271980912        1.9289917511896073     
   1.2566370568675324E-002 -0.28257809633802705        1.9981381443905988     
   1.2566370568562526E-002 -0.11040143272047420        1.9289917511895394     
   1.2566370568449727E-002 -0.28257809633867886        1.9981381443904751     
   1.2566370568336928E-002 -0.11040143272112890        1.9289917511894676     
   1.2566370568224130E-002 -0.28257809633935704        1.9981381443903570     
   1.2566370568111331E-002 -0.11040143272175992        1.9289917511893839     
   1.2566370567998532E-002 -0.28257809634006964        1.9981381443902464     
   1.2566370567885734E-002 -0.11040143272242257        1.9289917511893155     
   1.2566370567772935E-002 -0.28257809634074293        1.9981381443901283     
   1.2566370567660136E-002 -0.11040143272305901        1.9289917511892327     
   1.2566370567547338E-002 -0.28257809634142955        1.9981381443900128     
   1.2566370567434539E-002 -0.11040143272371358        1.9289917511891614     
   1.2566370567321740E-002 -0.28257809634210423        1.9981381443898956     
   1.2566370567208942E-002 -0.11040143272436152        1.9289917511890862     
   1.2566370567096143E-002 -0.28257809634280434        1.9981381443897805     
   1.2566370566983344E-002 -0.11040143272504103        1.9289917511890284     
   1.2566370566870546E-002 -0.28257809634339681        1.9981381443896433     
   1.2566370566757747E-002 -0.11040143272569278        1.9289917511889563     
   1.2566370566644948E-002 -0.28257809634408726        1.9981381443895285     
   1.2566370566532150E-002 -0.11040143272633207        1.9289917511888710     
   1.2566370566419351E-002 -0.28257809634482306        1.9981381443894248     
   1.2566370566306552E-002 -0.11040143272698423        1.9289917511887993     
   1.2566370566193754E-002 -0.28257809634550501        1.9981381443893065     
   1.2566370566080955E-002 -0.11040143272763582        1.9289917511887296     
   1.2566370565968156E-002 -0.28257809634613185        1.9981381443891761     
   1.2566370565855358E-002 -0.11040143272829653        1.9289917511886594     
   1.2566370565742559E-002 -0.28257809634682091        1.9981381443890618     
   1.2566370565629760E-002 -0.11040143272895450        1.9289917511885868     
   1.2566370565516962E-002 -0.28257809634749192        1.9981381443889421     
   1.2566370565404163E-002 -0.11040143272960508        1.9289917511885144     
   1.2566370565291364E-002 -0.28257809634816661        1.9981381443888224     
   1.2566370565178566E-002 -0.11040143273026660        1.9289917511884440     
   1.2566370565065767E-002 -0.28257809634882847        1.9981381443887007     
   1.2566370564952968E-002 -0.11040143273091886        1.9289917511883738     
   1.2566370564840170E-002 -0.28257809634948400        1.9981381443885788     
   1.2566370564727371E-002 -0.11040143273154308        1.9289917511882837     
   1.2566370564614572E-002 -0.28257809635022779        1.9981381443884778     
   1.2566370564501774E-002 -0.11040143273220474        1.9289917511882144     
   1.2566370564388975E-002 -0.28257809635090092        1.9981381443883581     
   1.2566370564276176E-002 -0.11040143273286200        1.9289917511881454     
   1.2566370564163378E-002 -0.28257809635157377        1.9981381443882382     
   1.2566370564050579E-002 -0.11040143273351505        1.9289917511880732     
   1.2566370563937780E-002 -0.28257809635223924        1.9981381443881170     
   1.2566370563824982E-002 -0.11040143273416474        1.9289917511879986     
   1.2566370563712183E-002 -0.28257809635290726        1.9981381443879971     
   1.2566370563599384E-002 -0.11040143273481985        1.9289917511879275     
   1.2566370563486586E-002 -0.28257809635357034        1.9981381443878761     
   1.2566370563373787E-002 -0.11040143273548073        1.9289917511878589     
   1.2566370563260989E-002 -0.28257809635423886        1.9981381443877548     
   1.2566370563148190E-002 -0.11040143273613150        1.9289917511877841     
   1.2566370563035391E-002 -0.28257809635492348        1.9981381443876396     
   1.2566370562922593E-002 -0.11040143273677946        1.9289917511877108     
   1.2566370562809794E-002 -0.28257809635560105        1.9981381443875215     
   1.2566370562696995E-002 -0.11040143273741811        1.9289917511876260     
   1.2566370562584197E-002 -0.28257809635634146        1.9981381443874171     
   1.2566370562471398E-002 -0.11040143273807222        1.9289917511875556     
   1.2566370562358599E-002 -0.28257809635697972        1.9981381443872908     
   1.2566370562245801E-002 -0.11040143273874778        1.9289917511874957     
   1.2566370562133002E-002 -0.28257809635762349        1.9981381443871655     
   1.2566370562020203E-002 -0.11040143273938678        1.9289917511874148     
   1.2566370561907405E-002 -0.28257809635834402        1.9981381443870567     
   1.2566370561794606E-002 -0.11040143274003279        1.9289917511873382     
   1.2566370561681807E-002 -0.28257809635902231        1.9981381443869393     
   1.2566370561569009E-002 -0.11040143274069303        1.9289917511872701     
   1.2566370561456210E-002 -0.28257809635967296        1.9981381443868149     
   1.2566370561343411E-002 -0.11040143274136294        1.9289917511872050     
   1.2566370561230613E-002 -0.28257809636031694        1.9981381443866877     
   1.2566370561117814E-002 -0.11040143274201689        1.9289917511871342     
   1.2566370561005015E-002 -0.28257809636098924        1.9981381443865693     
   1.2566370560892217E-002 -0.11040143274266905        1.9289917511870598     
   1.2566370560779418E-002 -0.28257809636166609        1.9981381443864501     
   1.2566370560666619E-002 -0.11040143274331488        1.9289917511869821     
   1.2566370560553821E-002 -0.28257809636235143        1.9981381443863355     
   1.2566370560441022E-002 -0.11040143274395331        1.9289917511869037     
   1.2566370560328223E-002 -0.28257809636304959        1.9981381443862218     
   1.2566370560215425E-002 -0.11040143274460520        1.9289917511868291     
   1.2566370560102626E-002 -0.28257809636374343        1.9981381443861068     
   1.2566370559989827E-002 -0.11040143274525313        1.9289917511867536     
   1.2566370559877029E-002 -0.28257809636440234        1.9981381443859860     
   1.2566370559764230E-002 -0.11040143274591509        1.9289917511866845     
   1.2566370559651431E-002 -0.28257809636509090        1.9981381443858708     
   1.2566370559538633E-002 -0.11040143274657466        1.9289917511866153     
   1.2566370559425834E-002 -0.28257809636575076        1.9981381443857471     
   1.2566370559313035E-002 -0.11040143274723152        1.9289917511865449     
   1.2566370559200237E-002 -0.28257809636641823        1.9981381443856270     
   1.2566370559087438E-002 -0.11040143274789155        1.9289917511864776     
   1.2566370558974639E-002 -0.28257809636706088        1.9981381443854995     
   1.2566370558861841E-002 -0.11040143274854308        1.9289917511864054     
   1.2566370558749042E-002 -0.28257809636771608        1.9981381443853761     
   1.2566370558636243E-002 -0.11040143274920002        1.9289917511863324     
   1.2566370558523445E-002 -0.28257809636841907        1.9981381443852650     
   1.2566370558410646E-002 -0.11040143274984179        1.9289917511862542     
   1.2566370558297848E-002 -0.28257809636909853        1.9981381443851480     
   1.2566370558185049E-002 -0.11040143275048805        1.9289917511861758     
   1.2566370558072250E-002 -0.28257809636983239        1.9981381443850437     
   1.2566370557959452E-002 -0.11040143275114406        1.9289917511861048     
   1.2566370557846653E-002 -0.28257809637049414        1.9981381443849218     
   1.2566370557733854E-002 -0.11040143275179533        1.9289917511860306     
   1.2566370557621056E-002 -0.28257809637117404        1.9981381443848043     
   1.2566370557508257E-002 -0.11040143275244688        1.9289917511859582     
   1.2566370557395458E-002 -0.28257809637185055        1.9981381443846860     
   1.2566370557282660E-002 -0.11040143275309350        1.9289917511858832     
   1.2566370557169861E-002 -0.28257809637252362        1.9981381443845674     
   1.2566370557057062E-002 -0.11040143275373974        1.9289917511858046     
   1.2566370556944264E-002 -0.28257809637324049        1.9981381443844590     
   1.2566370556831465E-002 -0.11040143275439412        1.9289917511857320     
   1.2566370556718666E-002 -0.28257809637390613        1.9981381443843385     
   1.2566370556605868E-002 -0.11040143275505097        1.9289917511856642     
   1.2566370556493069E-002 -0.28257809637455455        1.9981381443842121     
   1.2566370556380270E-002 -0.11040143275572085        1.9289917511855992     
   1.2566370556267472E-002 -0.28257809637519643        1.9981381443840862     
   1.2566370556154673E-002 -0.11040143275637222        1.9289917511855255     
   1.2566370556041874E-002 -0.28257809637588033        1.9981381443839688     
   1.2566370555929076E-002 -0.11040143275702291        1.9289917511854535     
   1.2566370555816277E-002 -0.28257809637654641        1.9981381443838495     
   1.2566370555703478E-002 -0.11040143275767969        1.9289917511853816     
   1.2566370555590680E-002 -0.28257809637723014        1.9981381443837325     
   1.2566370555477881E-002 -0.11040143275831123        1.9289917511852943     
   1.2566370555365082E-002 -0.28257809637796349        1.9981381443836284     
   1.2566370555252284E-002 -0.11040143275896561        1.9289917511852221     
   1.2566370555139485E-002 -0.28257809637863890        1.9981381443835096     
   1.2566370555026686E-002 -0.11040143275962430        1.9289917511851520     
   1.2566370554913888E-002 -0.28257809637928105        1.9981381443833837     
   1.2566370554801089E-002 -0.11040143276028484        1.9289917511850863     
   1.2566370554688290E-002 -0.28257809637992570        1.9981381443832575     
   1.2566370554575492E-002 -0.11040143276093628        1.9289917511850123     
   1.2566370554462693E-002 -0.28257809638061798        1.9981381443831432     
   1.2566370554349894E-002 -0.11040143276159331        1.9289917511849406     
   1.2566370554237096E-002 -0.28257809638130016        1.9981381443830242     
   1.2566370554124297E-002 -0.11040143276224551        1.9289917511848669     
   1.2566370554011498E-002 -0.28257809638198317        1.9981381443829083     
   1.2566370553898700E-002 -0.11040143276289777        1.9289917511847965     
   1.2566370553785901E-002 -0.28257809638262787        1.9981381443827824     
   1.2566370553673102E-002 -0.11040143276355721        1.9289917511847270     
   1.2566370553560304E-002 -0.28257809638328274        1.9981381443826602     
   1.2566370553447505E-002 -0.11040143276420303        1.9289917511846499     
   1.2566370553334706E-002 -0.28257809638397491        1.9981381443825441     
   1.2566370553221908E-002 -0.11040143276485773        1.9289917511845776     
   1.2566370553109109E-002 -0.28257809638466136        1.9981381443824293     
   1.2566370552996311E-002 -0.11040143276550239        1.9289917511844998     
   1.2566370552883512E-002 -0.28257809638535747        1.9981381443823165     
   1.2566370552770713E-002 -0.11040143276614917        1.9289917511844228     
   1.2566370552657915E-002 -0.28257809638605363        1.9981381443822017     
   1.2566370552545116E-002 -0.11040143276680189        1.9289917511843484     
   1.2566370552432317E-002 -0.28257809638672987        1.9981381443820843     
   1.2566370552319519E-002 -0.11040143276745412        1.9289917511842747     
   1.2566370552206720E-002 -0.28257809638741765        1.9981381443819684     
   1.2566370552093921E-002 -0.11040143276810307        1.9289917511841994     
   1.2566370551981123E-002 -0.28257809638809800        1.9981381443818518     
   1.2566370551868324E-002 -0.11040143276875988        1.9289917511841295     
   1.2566370551755525E-002 -0.28257809638877351        1.9981381443817323     
   1.2566370551642727E-002 -0.11040143276941368        1.9289917511840600     
   1.2566370551529928E-002 -0.28257809638942566        1.9981381443816084     
   1.2566370551417129E-002 -0.11040143277006348        1.9289917511839825     
   1.2566370551304331E-002 -0.28257809639012277        1.9981381443814958     
   1.2566370551191532E-002 -0.11040143277072607        1.9289917511839161     
   1.2566370551078733E-002 -0.28257809639077991        1.9981381443813722     
   1.2566370550965935E-002 -0.11040143277138273        1.9289917511838464     
   1.2566370550853136E-002 -0.28257809639143072        1.9981381443812487     
   1.2566370550740337E-002 -0.11040143277203113        1.9289917511837704     
   1.2566370550627539E-002 -0.28257809639211412        1.9981381443811312     
   1.2566370550514740E-002 -0.11040143277267592        1.9289917511836936     
   1.2566370550401941E-002 -0.28257809639281506        1.9981381443810182     
   1.2566370550289143E-002 -0.11040143277333542        1.9289917511836219     
   1.2566370550176344E-002 -0.28257809639350112        1.9981381443809032     
   1.2566370550063545E-002 -0.11040143277398326        1.9289917511835479     
   1.2566370549950747E-002 -0.28257809639416959        1.9981381443807829     
   1.2566370549837948E-002 -0.11040143277464247        1.9289917511834784     
   1.2566370549725149E-002 -0.28257809639481823        1.9981381443806581     
   1.2566370549612351E-002 -0.11040143277529457        1.9289917511834038     
   1.2566370549499552E-002 -0.28257809639550974        1.9981381443805430     
   1.2566370549386753E-002 -0.11040143277594495        1.9289917511833325     
   1.2566370549273955E-002 -0.28257809639617665        1.9981381443804225     
   1.2566370549161156E-002 -0.11040143277661427        1.9289917511832664     
   1.2566370549048357E-002 -0.28257809639682852        1.9981381443802986     
   1.2566370548935559E-002 -0.11040143277725495        1.9289917511831869     
   1.2566370548822760E-002 -0.28257809639752723        1.9981381443801864     
   1.2566370548709961E-002 -0.11040143277789995        1.9289917511831092     
   1.2566370548597163E-002 -0.28257809639822506        1.9981381443800721     
   1.2566370548484364E-002 -0.11040143277855161        1.9289917511830366     
   1.2566370548371565E-002 -0.28257809639889064        1.9981381443799509     
   1.2566370548258767E-002 -0.11040143277922007        1.9289917511829724     
   1.2566370548145968E-002 -0.28257809639952891        1.9981381443798245     
   1.2566370548033170E-002 -0.11040143277985963        1.9289917511828918     
   1.2566370547920371E-002 -0.28257809640024906        1.9981381443797155     
   1.2566370547807572E-002 -0.11040143278051570        1.9289917511828232     
   1.2566370547694774E-002 -0.28257809640089243        1.9981381443795909     
   1.2566370547581975E-002 -0.11040143278117860        1.9289917511827546     
   1.2566370547469176E-002 -0.28257809640156062        1.9981381443794703     
   1.2566370547356378E-002 -0.11040143278182493        1.9289917511826769     
   1.2566370547243579E-002 -0.28257809640226356        1.9981381443793580     
   1.2566370547130780E-002 -0.11040143278246492        1.9289917511825965     
   1.2566370547017982E-002 -0.28257809640296921        1.9981381443792461     
   1.2566370546905183E-002 -0.11040143278313314        1.9289917511825332     
   1.2566370546792384E-002 -0.28257809640360221        1.9981381443791184     
   1.2566370546679586E-002 -0.11040143278378425        1.9289917511824604     
   1.2566370546566787E-002 -0.28257809640427795        1.9981381443789998     
   1.2566370546453988E-002 -0.11040143278443043        1.9289917511823811     
   1.2566370546341190E-002 -0.28257809640497222        1.9981381443788864     
   1.2566370546228391E-002 -0.11040143278507586        1.9289917511823043     
   1.2566370546115592E-002 -0.28257809640567788        1.9981381443787747     
   1.2566370546002794E-002 -0.11040143278573837        1.9289917511822356     
   1.2566370545889995E-002 -0.28257809640632836        1.9981381443786501     
   1.2566370545777196E-002 -0.11040143278639378        1.9289917511821666     
   1.2566370545664398E-002 -0.28257809640699200        1.9981381443785284     
   1.2566370545551599E-002 -0.11040143278705314        1.9289917511820991     
   1.2566370545438800E-002 -0.28257809640764225        1.9981381443784050     
   1.2566370545326002E-002 -0.11040143278769525        1.9289917511820185     
   1.2566370545213203E-002 -0.28257809640834280        1.9981381443782917     
   1.2566370545100404E-002 -0.11040143278834860        1.9289917511819454     
   1.2566370544987606E-002 -0.28257809640900550        1.9981381443781703     
   1.2566370544874807E-002 -0.11040143278901193        1.9289917511818795     
   1.2566370544762008E-002 -0.28257809640970144        1.9981381443780564     
   1.2566370544649210E-002 -0.11040143278964054        1.9289917511817904     
   1.2566370544536411E-002 -0.28257809641042148        1.9981381443779487     
   1.2566370544423612E-002 -0.11040143279030792        1.9289917511817272     
   1.2566370544310814E-002 -0.28257809641105031        1.9981381443778190     
   1.2566370544198015E-002 -0.11040143279095388        1.9289917511816506     
   1.2566370544085216E-002 -0.28257809641174453        1.9981381443777033     
   1.2566370543972418E-002 -0.11040143279163056        1.9289917511815919     
   1.2566370543859619E-002 -0.28257809641236620        1.9981381443775732     
   1.2566370543746820E-002 -0.11040143279227255        1.9289917511815098     
   1.2566370543634022E-002 -0.28257809641308851        1.9981381443774675     
   1.2566370543521223E-002 -0.11040143279290976        1.9289917511814310     
   1.2566370543408424E-002 -0.28257809641377318        1.9981381443773483     
   1.2566370543295626E-002 -0.11040143279358326        1.9289917511813697     
   1.2566370543182827E-002 -0.28257809641441239        1.9981381443772217     
   1.2566370543070029E-002 -0.11040143279423714        1.9289917511812980     
   1.2566370542957230E-002 -0.28257809641506904        1.9981381443771002     
   1.2566370542844431E-002 -0.11040143279488894        1.9289917511812231     
   1.2566370542731633E-002 -0.28257809641574999        1.9981381443769826     
   1.2566370542618834E-002 -0.11040143279554517        1.9289917511811525     
   1.2566370542506035E-002 -0.28257809641643444        1.9981381443768655     
   1.2566370542393237E-002 -0.11040143279619749        1.9289917511810784     
   1.2566370542280438E-002 -0.28257809641712661        1.9981381443767521     
   1.2566370542167639E-002 -0.11040143279683022        1.9289917511809951     
   1.2566370542054841E-002 -0.28257809641782333        1.9981381443766379     
   1.2566370541942042E-002 -0.11040143279749043        1.9289917511809263     
   1.2566370541829243E-002 -0.28257809641849352        1.9981381443765178     
   1.2566370541716445E-002 -0.11040143279814080        1.9289917511808501     
   1.2566370541603646E-002 -0.28257809641917381        1.9981381443764019     
   1.2566370541490847E-002 -0.11040143279879253        1.9289917511807764     
   1.2566370541378049E-002 -0.28257809641987341        1.9981381443762880     
   1.2566370541265250E-002 -0.11040143279944120        1.9289917511807035     
   1.2566370541152451E-002 -0.28257809642052545        1.9981381443761661     
   1.2566370541039653E-002 -0.11040143280008738        1.9289917511806258     
   1.2566370540926854E-002 -0.28257809642123832        1.9981381443760546     
   1.2566370540814055E-002 -0.11040143280075150        1.9289917511805601     
   1.2566370540701257E-002 -0.28257809642189113        1.9981381443759318     
   1.2566370540588458E-002 -0.11040143280139961        1.9289917511804819     
   1.2566370540475659E-002 -0.28257809642258713        1.9981381443758166     
   1.2566370540362861E-002 -0.11040143280204798        1.9289917511804093     
   1.2566370540250062E-002 -0.28257809642323434        1.9981381443756927     
   1.2566370540137263E-002 -0.11040143280271524        1.9289917511803436     
   1.2566370540024465E-002 -0.28257809642389359        1.9981381443755706     
   1.2566370539911666E-002 -0.11040143280336255        1.9289917511802679     
   1.2566370539798867E-002 -0.28257809642458143        1.9981381443754538     
   1.2566370539686069E-002 -0.11040143280401601        1.9289917511801957     
   1.2566370539573270E-002 -0.28257809642524773        1.9981381443753328     
   1.2566370539460471E-002 -0.11040143280467227        1.9289917511801253     
   1.2566370539347673E-002 -0.28257809642592241        1.9981381443752153     
   1.2566370539234874E-002 -0.11040143280533092        1.9289917511800538     
   1.2566370539122075E-002 -0.28257809642659781        1.9981381443750952     
   1.2566370539009277E-002 -0.11040143280598194        1.9289917511799803     
   1.2566370538896478E-002 -0.28257809642726633        1.9981381443749762     
   1.2566370538783679E-002 -0.11040143280663738        1.9289917511799088     
   1.2566370538670881E-002 -0.28257809642791848        1.9981381443748523     
   1.2566370538558082E-002 -0.11040143280728369        1.9289917511798307     
   1.2566370538445283E-002 -0.28257809642864556        1.9981381443747459     
   1.2566370538332485E-002 -0.11040143280792240        1.9289917511797510     
   1.2566370538219686E-002 -0.28257809642934262        1.9981381443746316     
   1.2566370538106887E-002 -0.11040143280858686        1.9289917511796857     
   1.2566370537994089E-002 -0.28257809642998150        1.9981381443745054     
   1.2566370537881290E-002 -0.11040143280922736        1.9289917511796040     
   1.2566370537768492E-002 -0.28257809643069853        1.9981381443743971     
   1.2566370537655693E-002 -0.11040143280987363        1.9289917511795276     
   1.2566370537542894E-002 -0.28257809643137544        1.9981381443742781     
   1.2566370537430096E-002 -0.11040143281054474        1.9289917511794681     
   1.2566370537317297E-002 -0.28257809643198667        1.9981381443741446     
   1.2566370537204498E-002 -0.11040143281120764        1.9289917511793990     
   1.2566370537091700E-002 -0.28257809643267656        1.9981381443740300     
   1.2566370536978901E-002 -0.11040143281184023        1.9289917511793133     
   1.2566370536866102E-002 -0.28257809643339249        1.9981381443739210     
   1.2566370536753304E-002 -0.11040143281250639        1.9289917511792500     
   1.2566370536640505E-002 -0.28257809643403431        1.9981381443737944     
   1.2566370536527706E-002 -0.11040143281316092        1.9289917511791770     
   1.2566370536414908E-002 -0.28257809643471454        1.9981381443736774     
   1.2566370536302109E-002 -0.11040143281380815        1.9289917511791019     
   1.2566370536189310E-002 -0.28257809643538201        1.9981381443735555     
   1.2566370536076512E-002 -0.11040143281446850        1.9289917511790300     
   1.2566370535963713E-002 -0.28257809643605697        1.9981381443734387     
   1.2566370535850914E-002 -0.11040143281510895        1.9289917511789527     
   1.2566370535738116E-002 -0.28257809643675869        1.9981381443733250     
   1.2566370535625317E-002 -0.11040143281577210        1.9289917511788857     
   1.2566370535512518E-002 -0.28257809643742771        1.9981381443732060     
   1.2566370535399720E-002 -0.11040143281641795        1.9289917511788079     
   1.2566370535286921E-002 -0.28257809643811838        1.9981381443730910     
   1.2566370535174122E-002 -0.11040143281706832        1.9289917511787347     
   1.2566370535061324E-002 -0.28257809643876769        1.9981381443729656     
   1.2566370534948525E-002 -0.11040143281772259        1.9289917511786630     
   1.2566370534835726E-002 -0.28257809643945464        1.9981381443728499     
   1.2566370534722928E-002 -0.11040143281838287        1.9289917511785930     
   1.2566370534610129E-002 -0.28257809644012288        1.9981381443727302     
   1.2566370534497330E-002 -0.11040143281902615        1.9289917511785148     
   1.2566370534384532E-002 -0.28257809644082987        1.9981381443726185     
   1.2566370534271733E-002 -0.11040143281968461        1.9289917511784456     
   1.2566370534158934E-002 -0.28257809644147575        1.9981381443724939     
   1.2566370534046136E-002 -0.11040143282033624        1.9289917511783712     
   1.2566370533933337E-002 -0.28257809644215259        1.9981381443723771     
   1.2566370533820538E-002 -0.11040143282098465        1.9289917511782961     
   1.2566370533707740E-002 -0.28257809644283494        1.9981381443722592     
   1.2566370533594941E-002 -0.11040143282162722        1.9289917511782171     
   1.2566370533482142E-002 -0.28257809644355714        1.9981381443721518     
   1.2566370533369344E-002 -0.11040143282227832        1.9289917511781431     
   1.2566370533256545E-002 -0.28257809644423265        1.9981381443720325     
   1.2566370533143746E-002 -0.11040143282294355        1.9289917511780768     
   1.2566370533030948E-002 -0.28257809644488890        1.9981381443719097     
   1.2566370532918149E-002 -0.11040143282358569        1.9289917511779988     
   1.2566370532805351E-002 -0.28257809644555143        1.9981381443717876     
   1.2566370532692552E-002 -0.11040143282425821        1.9289917511779362     
   1.2566370532579753E-002 -0.28257809644618559        1.9981381443716608     
   1.2566370532466955E-002 -0.11040143282489850        1.9289917511778585     
   1.2566370532354156E-002 -0.28257809644689302        1.9981381443715505     
   1.2566370532241357E-002 -0.11040143282555459        1.9289917511777850     
   1.2566370532128559E-002 -0.28257809644757426        1.9981381443714328     
   1.2566370532015760E-002 -0.11040143282619895        1.9289917511777064     
   1.2566370531902961E-002 -0.28257809644828930        1.9981381443713233     
   1.2566370531790163E-002 -0.11040143282684385        1.9289917511776311     
   1.2566370531677364E-002 -0.28257809644895426        1.9981381443712021     
   1.2566370531564565E-002 -0.11040143282750590        1.9289917511775629     
   1.2566370531451767E-002 -0.28257809644961340        1.9981381443710786     
   1.2566370531338968E-002 -0.11040143282817003        1.9289917511774970     
   1.2566370531226169E-002 -0.28257809645025872        1.9981381443709541     
   1.2566370531113371E-002 -0.11040143282883030        1.9289917511774273     
   1.2566370531000572E-002 -0.28257809645092863        1.9981381443708350     
   1.2566370530887773E-002 -0.11040143282946464        1.9289917511773460     
   1.2566370530774975E-002 -0.28257809645161980        1.9981381443707200     
   1.2566370530662176E-002 -0.11040143283013076        1.9289917511772781     
   1.2566370530549377E-002 -0.28257809645229209        1.9981381443706008     
   1.2566370530436579E-002 -0.11040143283077289        1.9289917511772010     
   1.2566370530323780E-002 -0.28257809645298310        1.9981381443704853     
   1.2566370530210981E-002 -0.11040143283144427        1.9289917511771386     
   1.2566370530098183E-002 -0.28257809645361726        1.9981381443703563     
   1.2566370529985384E-002 -0.11040143283209375        1.9289917511770638     
   1.2566370529872585E-002 -0.28257809645431298        1.9981381443702431     
   1.2566370529759787E-002 -0.11040143283274055        1.9289917511769881     
   1.2566370529646988E-002 -0.28257809645499771        1.9981381443701256     
   1.2566370529534189E-002 -0.11040143283339755        1.9289917511769177     
   1.2566370529421391E-002 -0.28257809645565418        1.9981381443700033     
   1.2566370529308592E-002 -0.11040143283404827        1.9289917511768431     
   1.2566370529195793E-002 -0.28257809645633147        1.9981381443698847     
   1.2566370529082995E-002 -0.11040143283470431        1.9289917511767709     
   1.2566370528970196E-002 -0.28257809645701226        1.9981381443697692     
   1.2566370528857397E-002 -0.11040143283535728        1.9289917511766967     
   1.2566370528744599E-002 -0.28257809645770937        1.9981381443696542     
   1.2566370528631800E-002 -0.11040143283600957        1.9289917511766244     
   1.2566370528519001E-002 -0.28257809645837517        1.9981381443695345     
   1.2566370528406203E-002 -0.11040143283665968        1.9289917511765502     
   1.2566370528293404E-002 -0.28257809645905552        1.9981381443694157     
   1.2566370528180605E-002 -0.11040143283731552        1.9289917511764794     
   1.2566370528067807E-002 -0.28257809645970944        1.9981381443692940     
   1.2566370527955008E-002 -0.11040143283795513        1.9289917511763990     
   1.2566370527842209E-002 -0.28257809646041532        1.9981381443691826     
   1.2566370527729411E-002 -0.11040143283860752        1.9289917511763253     
   1.2566370527616612E-002 -0.28257809646110410        1.9981381443690680     
   1.2566370527503814E-002 -0.11040143283926651        1.9289917511762564     
   1.2566370527391015E-002 -0.28257809646176163        1.9981381443689445     
   1.2566370527278216E-002 -0.11040143283991972        1.9289917511761820     
   1.2566370527165418E-002 -0.28257809646244159        1.9981381443688264     
   1.2566370527052619E-002 -0.11040143284057141        1.9289917511761105     
   1.2566370526939820E-002 -0.28257809646307797        1.9981381443686987     
   1.2566370526827022E-002 -0.11040143284123341        1.9289917511760430     
   1.2566370526714223E-002 -0.28257809646376164        1.9981381443685831     
   1.2566370526601424E-002 -0.11040143284188302        1.9289917511759671     
   1.2566370526488626E-002 -0.28257809646445281        1.9981381443684665     
   1.2566370526375827E-002 -0.11040143284253354        1.9289917511758921     
   1.2566370526263028E-002 -0.28257809646515980        1.9981381443683572     
   1.2566370526150230E-002 -0.11040143284317606        1.9289917511758123     
   1.2566370526037431E-002 -0.28257809646584736        1.9981381443682404     
   1.2566370525924632E-002 -0.11040143284383586        1.9289917511757451     
   1.2566370525811834E-002 -0.28257809646650284        1.9981381443681174     
   1.2566370525699035E-002 -0.11040143284448689        1.9289917511756718     
   1.2566370525586236E-002 -0.28257809646717524        1.9981381443679966     
   1.2566370525473438E-002 -0.11040143284514234        1.9289917511756003     
   1.2566370525360639E-002 -0.28257809646784798        1.9981381443678785     
   1.2566370525247840E-002 -0.11040143284580059        1.9289917511755319     
   1.2566370525135042E-002 -0.28257809646849175        1.9981381443677535     
   1.2566370525022243E-002 -0.11040143284646212        1.9289917511754617     
   1.2566370524909444E-002 -0.28257809646916876        1.9981381443676349     
   1.2566370524796646E-002 -0.11040143284710702        1.9289917511753849     
   1.2566370524683847E-002 -0.28257809646986087        1.9981381443675199     
   1.2566370524571048E-002 -0.11040143284775861        1.9289917511753085     
   1.2566370524458250E-002 -0.28257809647056265        1.9981381443674087     
   1.2566370524345451E-002 -0.11040143284840352        1.9289917511752344     
   1.2566370524232652E-002 -0.28257809647122906        1.9981381443672881     
   1.2566370524119854E-002 -0.11040143284905428        1.9289917511751606     
   1.2566370524007055E-002 -0.28257809647189835        1.9981381443671682     
   1.2566370523894256E-002 -0.11040143284971658        1.9289917511750907     
   1.2566370523781458E-002 -0.28257809647257431        1.9981381443670496     
   1.2566370523668659E-002 -0.11040143285036726        1.9289917511750176     
   1.2566370523555860E-002 -0.28257809647325133        1.9981381443669324     
   1.2566370523443062E-002 -0.11040143285100881        1.9289917511749362     
   1.2566370523330263E-002 -0.28257809647396481        1.9981381443668214     
   1.2566370523217464E-002 -0.11040143285166852        1.9289917511748702     
   1.2566370523104666E-002 -0.28257809647460302        1.9981381443666941     
   1.2566370522991867E-002 -0.11040143285231745        1.9289917511747947     
   1.2566370522879068E-002 -0.28257809647528592        1.9981381443665784     
   1.2566370522766270E-002 -0.11040143285297993        1.9289917511747257     
   1.2566370522653471E-002 -0.28257809647597343        1.9981381443664625     
   1.2566370522540673E-002 -0.11040143285362024        1.9289917511746446     
   1.2566370522427874E-002 -0.28257809647667659        1.9981381443663506     
   1.2566370522315075E-002 -0.11040143285427190        1.9289917511745724     
   1.2566370522202277E-002 -0.28257809647733634        1.9981381443662296     
   1.2566370522089478E-002 -0.11040143285492426        1.9289917511744989     
   1.2566370521976679E-002 -0.28257809647801735        1.9981381443661108     
   1.2566370521863881E-002 -0.11040143285558224        1.9289917511744292     
   1.2566370521751082E-002 -0.28257809647865895        1.9981381443659851     
   1.2566370521638283E-002 -0.11040143285623408        1.9289917511743564     
   1.2566370521525485E-002 -0.28257809647935928        1.9981381443658719     
   1.2566370521412686E-002 -0.11040143285687502        1.9289917511742758     
   1.2566370521299887E-002 -0.28257809648005988        1.9981381443657589     
   1.2566370521187089E-002 -0.11040143285753169        1.9289917511742052     
   1.2566370521074290E-002 -0.28257809648073279        1.9981381443656392     
   1.2566370520961491E-002 -0.11040143285819010        1.9289917511741359     
   1.2566370520848693E-002 -0.28257809648140170        1.9981381443655188     
   1.2566370520735894E-002 -0.11040143285884726        1.9289917511740657     
   1.2566370520623095E-002 -0.28257809648205917        1.9981381443653978     
   1.2566370520510297E-002 -0.11040143285948345        1.9289917511739809     
   1.2566370520397498E-002 -0.28257809648278914        1.9981381443652924     
   1.2566370520284699E-002 -0.11040143286013324        1.9289917511739076     
   1.2566370520171901E-002 -0.28257809648346749        1.9981381443651731     
   1.2566370520059102E-002 -0.11040143286079837        1.9289917511738457     
   1.2566370519946303E-002 -0.28257809648405341        1.9981381443650341     
   1.2566370519833505E-002 -0.11040143286146416        1.9289917511737795     
   1.2566370519720706E-002 -0.28257809648472287        1.9981381443649151     
   1.2566370519607907E-002 -0.11040143286211815        1.9289917511737051     
   1.2566370519495109E-002 -0.28257809648541299        1.9981381443647985     
   1.2566370519382310E-002 -0.11040143286276211        1.9289917511736281     
   1.2566370519269511E-002 -0.28257809648610777        1.9981381443646842     
   1.2566370519156713E-002 -0.11040143286343004        1.9289917511735637     
   1.2566370519043914E-002 -0.28257809648675680        1.9981381443645607     
   1.2566370518931115E-002 -0.11040143286406195        1.9289917511734787     
   1.2566370518818317E-002 -0.28257809648748267        1.9981381443644515     
   1.2566370518705518E-002 -0.11040143286473117        1.9289917511734151     
   1.2566370518592719E-002 -0.28257809648810611        1.9981381443643234     
   1.2566370518479921E-002 -0.11040143286537543        1.9289917511733352     
   1.2566370518367122E-002 -0.28257809648882004        1.9981381443642128     
   1.2566370518254323E-002 -0.11040143286601214        1.9289917511732555     
   1.2566370518141525E-002 -0.28257809648952492        1.9981381443641013     
   1.2566370518028726E-002 -0.11040143286667081        1.9289917511731864     
   1.2566370517915927E-002 -0.28257809649017779        1.9981381443639787     
   1.2566370517803129E-002 -0.11040143286732244        1.9289917511731105     
   1.2566370517690330E-002 -0.28257809649087740        1.9981381443638662     
   1.2566370517577531E-002 -0.11040143286798390        1.9289917511730423     
   1.2566370517464733E-002 -0.28257809649153687        1.9981381443637438     
   1.2566370517351934E-002 -0.11040143286862986        1.9289917511729662     
   1.2566370517239136E-002 -0.28257809649220178        1.9981381443636228     
   1.2566370517126337E-002 -0.11040143286928505        1.9289917511728951     
   1.2566370517013538E-002 -0.28257809649288673        1.9981381443635060     
   1.2566370516900740E-002 -0.11040143286994182        1.9289917511728261     
   1.2566370516787941E-002 -0.28257809649352461        1.9981381443633788     
   1.2566370516675142E-002 -0.11040143287060528        1.9289917511727575     
   1.2566370516562344E-002 -0.28257809649419391        1.9981381443632598     
   1.2566370516449545E-002 -0.11040143287125422        1.9289917511726833     
   1.2566370516336746E-002 -0.28257809649488558        1.9981381443631450     
   1.2566370516223948E-002 -0.11040143287189731        1.9289917511726031     
   1.2566370516111149E-002 -0.28257809649559507        1.9981381443630326     
   1.2566370515998350E-002 -0.11040143287255771        1.9289917511725339     
   1.2566370515885552E-002 -0.28257809649624688        1.9981381443629089     
   1.2566370515772753E-002 -0.11040143287321086        1.9289917511724635     
   1.2566370515659954E-002 -0.28257809649690896        1.9981381443627881     
   1.2566370515547156E-002 -0.11040143287385440        1.9289917511723853     
   1.2566370515434357E-002 -0.28257809649761856        1.9981381443626780     
   1.2566370515321558E-002 -0.11040143287451955        1.9289917511723194     
   1.2566370515208760E-002 -0.28257809649825466        1.9981381443625494     
   1.2566370515095961E-002 -0.11040143287516740        1.9289917511722443     
   1.2566370514983162E-002 -0.28257809649894522        1.9981381443624355     
   1.2566370514870364E-002 -0.11040143287581194        1.9289917511721641     
   1.2566370514757565E-002 -0.28257809649964605        1.9981381443623218     
   1.2566370514644766E-002 -0.11040143287647801        1.9289917511721015     
   1.2566370514531968E-002 -0.28257809650029159        1.9981381443621964     
   1.2566370514419169E-002 -0.11040143287712571        1.9289917511720256     
   1.2566370514306370E-002 -0.28257809650097493        1.9981381443620794     
   1.2566370514193572E-002 -0.11040143287778593        1.9289917511719556     
   1.2566370514080773E-002 -0.28257809650164051        1.9981381443619590     
   1.2566370513967974E-002 -0.11040143287842921        1.9289917511718777     
   1.2566370513855176E-002 -0.28257809650233273        1.9981381443618453     
   1.2566370513742377E-002 -0.11040143287908803        1.9289917511718082     
   1.2566370513629578E-002 -0.28257809650299553        1.9981381443617225     
   1.2566370513516780E-002 -0.11040143287975004        1.9289917511717403     
   1.2566370513403981E-002 -0.28257809650365734        1.9981381443616009     
   1.2566370513291182E-002 -0.11040143288039955        1.9289917511716641     
   1.2566370513178384E-002 -0.28257809650434951        1.9981381443614885     
   1.2566370513065585E-002 -0.11040143288104684        1.9289917511715879     
   1.2566370512952786E-002 -0.28257809650502669        1.9981381443613673     
   1.2566370512839988E-002 -0.11040143288170759        1.9289917511715233     
   1.2566370512727189E-002 -0.28257809650567040        1.9981381443612414     
   1.2566370512614390E-002 -0.11040143288235479        1.9289917511714465     
   1.2566370512501592E-002 -0.28257809650635662        1.9981381443611268     
   1.2566370512388793E-002 -0.11040143288300741        1.9289917511713697     
   1.2566370512275995E-002 -0.28257809650706056        1.9981381443610147     
   1.2566370512163196E-002 -0.11040143288365101        1.9289917511712933     
   1.2566370512050397E-002 -0.28257809650775351        1.9981381443609008     
   1.2566370511937599E-002 -0.11040143288429999        1.9289917511712171     
   1.2566370511824800E-002 -0.28257809650843252        1.9981381443607837     
   1.2566370511712001E-002 -0.11040143288496088        1.9289917511711479     
   1.2566370511599203E-002 -0.28257809650910137        1.9981381443606636     
   1.2566370511486404E-002 -0.11040143288560816        1.9289917511710732     
   1.2566370511373605E-002 -0.28257809650978422        1.9981381443605457     
   1.2566370511260807E-002 -0.11040143288625590        1.9289917511709975     
   1.2566370511148008E-002 -0.28257809651045307        1.9981381443604258     
   1.2566370511035209E-002 -0.11040143288692308        1.9289917511709329     
   1.2566370510922411E-002 -0.28257809651112015        1.9981381443603041     
   1.2566370510809612E-002 -0.11040143288756762        1.9289917511708534     
   1.2566370510696813E-002 -0.28257809651182852        1.9981381443601947     
   1.2566370510584015E-002 -0.11040143288822367        1.9289917511707846     
   1.2566370510471216E-002 -0.28257809651246868        1.9981381443600683     
   1.2566370510358417E-002 -0.11040143288887873        1.9289917511707140     
   1.2566370510245619E-002 -0.28257809651313964        1.9981381443599491     
   1.2566370510132820E-002 -0.11040143288951812        1.9289917511706332     
   1.2566370510020021E-002 -0.28257809651385368        1.9981381443598392     
   1.2566370509907223E-002 -0.11040143289016102        1.9289917511705543     
   1.2566370509794424E-002 -0.28257809651454963        1.9981381443597266     
   1.2566370509681625E-002 -0.11040143289081410        1.9289917511704828     
   1.2566370509568827E-002 -0.28257809651520843        1.9981381443596027     
   1.2566370509456028E-002 -0.11040143289149856        1.9289917511704251     
   1.2566370509343229E-002 -0.28257809651584298        1.9981381443594739     
   1.2566370509230431E-002 -0.11040143289215033        1.9289917511703536     
   1.2566370509117632E-002 -0.28257809651650168        1.9981381443593531     
   1.2566370509004833E-002 -0.11040143289281043        1.9289917511702828     
   1.2566370508892035E-002 -0.28257809651717597        1.9981381443592336     
   1.2566370508779236E-002 -0.11040143289344929        1.9289917511702044     
   1.2566370508666437E-002 -0.28257809651788468        1.9981381443591228     
   1.2566370508553639E-002 -0.11040143289411028        1.9289917511701349     
   1.2566370508440840E-002 -0.28257809651853738        1.9981381443589972     
   1.2566370508328041E-002 -0.11040143289474436        1.9289917511700510     
   1.2566370508215243E-002 -0.28257809651926052        1.9981381443588904     
   1.2566370508102444E-002 -0.11040143289539948        1.9289917511699788     
   1.2566370507989645E-002 -0.28257809651993199        1.9981381443587718     
   1.2566370507876847E-002 -0.11040143289604720        1.9289917511699028     
   1.2566370507764048E-002 -0.28257809652064025        1.9981381443586619     
   1.2566370507651249E-002 -0.11040143289669052        1.9289917511698242     
   1.2566370507538451E-002 -0.28257809652132132        1.9981381443585444     
   1.2566370507425652E-002 -0.11040143289735585        1.9289917511697598     
   1.2566370507312854E-002 -0.28257809652194765        1.9981381443584141     
   1.2566370507200055E-002 -0.11040143289800769        1.9289917511696870     
   1.2566370507087256E-002 -0.28257809652263904        1.9981381443582995     
   1.2566370506974458E-002 -0.11040143289866935        1.9289917511696157     
   1.2566370506861659E-002 -0.28257809652330729        1.9981381443581803     
   1.2566370506748860E-002 -0.11040143289933116        1.9289917511695507     
   1.2566370506636062E-002 -0.28257809652394361        1.9981381443580517     
   1.2566370506523263E-002 -0.11040143289998178        1.9289917511694745     
   1.2566370506410464E-002 -0.28257809652463411        1.9981381443579365     
   1.2566370506297666E-002 -0.11040143290063696        1.9289917511694030     
   1.2566370506184867E-002 -0.28257809652530325        1.9981381443578163     
   1.2566370506072068E-002 -0.11040143290128190        1.9289917511693258     
   1.2566370505959270E-002 -0.28257809652600052        1.9981381443577038     
   1.2566370505846471E-002 -0.11040143290193749        1.9289917511692560     
   1.2566370505733672E-002 -0.28257809652665700        1.9981381443575805     
   1.2566370505620874E-002 -0.11040143290257481        1.9289917511691741     
   1.2566370505508075E-002 -0.28257809652734789        1.9981381443574657     
   1.2566370505395276E-002 -0.11040143290322985        1.9289917511691030     
   1.2566370505282478E-002 -0.28257809652803462        1.9981381443573509     
   1.2566370505169679E-002 -0.11040143290388832        1.9289917511690315     
   1.2566370505056880E-002 -0.28257809652869326        1.9981381443572273     
   1.2566370504944082E-002 -0.11040143290453924        1.9289917511689587     
   1.2566370504831283E-002 -0.28257809652938226        1.9981381443571131     
   1.2566370504718484E-002 -0.11040143290517931        1.9289917511688770     
   1.2566370504605686E-002 -0.28257809653010069        1.9981381443570030     
   1.2566370504492887E-002 -0.11040143290584525        1.9289917511688124     
   1.2566370504380088E-002 -0.28257809653073979        1.9981381443568758     
   1.2566370504267290E-002 -0.11040143290650346        1.9289917511687409     
   1.2566370504154491E-002 -0.28257809653141819        1.9981381443567594     
   1.2566370504041692E-002 -0.11040143290715021        1.9289917511686656     
   1.2566370503928894E-002 -0.28257809653209548        1.9981381443566408     
   1.2566370503816095E-002 -0.11040143290779947        1.9289917511685921     
   1.2566370503703296E-002 -0.28257809653276195        1.9981381443565203     
   1.2566370503590498E-002 -0.11040143290846115        1.9289917511685237     
   1.2566370503477699E-002 -0.28257809653342680        1.9981381443563995     
   1.2566370503364900E-002 -0.11040143290911711        1.9289917511684522     
   1.2566370503252102E-002 -0.28257809653410887        1.9981381443562818     
   1.2566370503139303E-002 -0.11040143290976878        1.9289917511683790     
   1.2566370503026504E-002 -0.28257809653477822        1.9981381443561628     
   1.2566370502913706E-002 -0.11040143291042662        1.9289917511683110     
   1.2566370502800907E-002 -0.28257809653542987        1.9981381443560384     
   1.2566370502688108E-002 -0.11040143291106962        1.9289917511682302     
   1.2566370502575310E-002 -0.28257809653613580        1.9981381443559274     
   1.2566370502462511E-002 -0.11040143291170811        1.9289917511681480     
   1.2566370502349712E-002 -0.28257809653684862        1.9981381443558166     
   1.2566370502236914E-002 -0.11040143291237088        1.9289917511680836     
   1.2566370502124115E-002 -0.28257809653749300        1.9981381443556911     
   1.2566370502011317E-002 -0.11040143291303879        1.9289917511680164     
   1.2566370501898518E-002 -0.28257809653814725        1.9981381443555681     
   1.2566370501785719E-002 -0.11040143291368849        1.9289917511679426     
   1.2566370501672921E-002 -0.28257809653883920        1.9981381443554536     
   1.2566370501560122E-002 -0.11040143291433827        1.9289917511678687     
   1.2566370501447323E-002 -0.28257809653950577        1.9981381443553330     
   1.2566370501334525E-002 -0.11040143291499127        1.9289917511677943     
   1.2566370501221726E-002 -0.28257809654018673        1.9981381443552140     
   1.2566370501108927E-002 -0.11040143291564666        1.9289917511677248     
   1.2566370500996129E-002 -0.28257809654084054        1.9981381443550927     
   1.2566370500883330E-002 -0.11040143291628882        1.9289917511676449     
   1.2566370500770531E-002 -0.28257809654156091        1.9981381443549850     
   1.2566370500657733E-002 -0.11040143291693662        1.9289917511675676     
   1.2566370500544934E-002 -0.28257809654227073        1.9981381443548738     
   1.2566370500432135E-002 -0.11040143291758343        1.9289917511674914     
   1.2566370500319337E-002 -0.28257809654295352        1.9981381443547570     
   1.2566370500206538E-002 -0.11040143291824794        1.9289917511674257     
   1.2566370500093739E-002 -0.28257809654358773        1.9981381443546271     
   1.2566370499980941E-002 -0.11040143291890867        1.9289917511673575     
   1.2566370499868142E-002 -0.28257809654426641        1.9981381443545108     
   1.2566370499755343E-002 -0.11040143291955594        1.9289917511672836     
   1.2566370499642545E-002 -0.28257809654491006        1.9981381443543860     
   1.2566370499529746E-002 -0.11040143292019707        1.9289917511672037     
   1.2566370499416947E-002 -0.28257809654562976        1.9981381443542778     
   1.2566370499304149E-002 -0.11040143292084631        1.9289917511671260     
   1.2566370499191350E-002 -0.28257809654635507        1.9981381443541701     
   1.2566370499078551E-002 -0.11040143292150796        1.9289917511670596     
   1.2566370498965753E-002 -0.28257809654697080        1.9981381443540376     
   1.2566370498852954E-002 -0.11040143292215708        1.9289917511669843     
   1.2566370498740155E-002 -0.28257809654766913        1.9981381443539254     
   1.2566370498627357E-002 -0.11040143292280867        1.9289917511669101     
   1.2566370498514558E-002 -0.28257809654833693        1.9981381443538044     
   1.2566370498401759E-002 -0.11040143292347072        1.9289917511668426     
   1.2566370498288961E-002 -0.28257809654901478        1.9981381443536848     
   1.2566370498176162E-002 -0.11040143292412147        1.9289917511667678     
   1.2566370498063363E-002 -0.28257809654968213        1.9981381443535651     
   1.2566370497950565E-002 -0.11040143292477106        1.9289917511666959     
   1.2566370497837766E-002 -0.28257809655035532        1.9981381443534472     
   1.2566370497724967E-002 -0.11040143292541886        1.9289917511666177     
   1.2566370497612169E-002 -0.28257809655103666        1.9981381443533299     
   1.2566370497499370E-002 -0.11040143292607696        1.9289917511665502     
   1.2566370497386571E-002 -0.28257809655170629        1.9981381443532091     
   1.2566370497273773E-002 -0.11040143292673518        1.9289917511664774     
   1.2566370497160974E-002 -0.28257809655237071        1.9981381443530883     
   1.2566370497048176E-002 -0.11040143292737814        1.9289917511664021     
   1.2566370496935377E-002 -0.28257809655306876        1.9981381443529758     
   1.2566370496822578E-002 -0.11040143292804540        1.9289917511663357     
   1.2566370496709780E-002 -0.28257809655371458        1.9981381443528492     
   1.2566370496596981E-002 -0.11040143292869171        1.9289917511662593     
   1.2566370496484182E-002 -0.28257809655439498        1.9981381443527337     
   1.2566370496371384E-002 -0.11040143292934820        1.9289917511661883     
   1.2566370496258585E-002 -0.28257809655508070        1.9981381443526165     
   1.2566370496145786E-002 -0.11040143292999512        1.9289917511661123     
   1.2566370496032988E-002 -0.28257809655575672        1.9981381443524981     
