  0.27646989893349055       0.25793815027218031        1.9539892464539808     
  0.28275327168135506       0.27633808638596224        1.9504544353102093     
  0.28903664442921956       0.29470393016706375        1.9467551165169437     
  0.28903683168265099       0.29470447697191093        1.9467550038369907     
  0.28903701893608241       0.29470502377672930        1.9467548911568928     
  0.28903720618951384       0.29470557058150870        1.9467547784766510     
  0.28903739344294527       0.29470611738626218        1.9467546657962658     
  0.28903758069637669       0.29470666419099595        1.9467545531157273     
  0.28903776794980812       0.29470721099568115        1.9467544404350543     
  0.28903795520323955       0.29470775780034442        1.9467543277542319     
  0.28903814245667098       0.29470830460496394        1.9467542150732673     
  0.28903832971010240       0.29470885140955116        1.9467541023921602     
  0.28903851696353383       0.29470939821412218        1.9467539897109025     
  0.28903870421696526       0.29470994501864400        1.9467538770295056     
  0.28903889147039669       0.29471049182315906        1.9467537643479584     
  0.28903907872382811       0.29471103862762354        1.9467536516662676     
  0.28903926597725954       0.29471158543204856        1.9467535389844395     
  0.28903945323069097       0.29471213223645748        1.9467534263024608     
  0.28903964048412240       0.29471267904083459        1.9467533136203352     
  0.28903982773755382       0.29471322584516862        1.9467532009380728     
  0.28904001499098525       0.29471377264949156        1.9467530882556556     
  0.28904020224441668       0.29471431945376103        1.9467529755731006     
  0.28904038949784810       0.29471486625799198        1.9467528628904056     
  0.28904057675127953       0.29471541306222243        1.9467527502075543     
  0.28904076400471096       0.29471595986639071        1.9467526375245685     
  0.28904095125814239       0.29471650667056581        1.9467525248414277     
  0.28904113851157381       0.29471705347466620        1.9467524121581530     
  0.28904132576500524       0.29471760027876975        1.9467522994747239     
  0.28904151301843667       0.29471814708282090        1.9467521867911561     
  0.28904170027186810       0.29471869388684974        1.9467520741074420     
  0.28904188752529952       0.29471924069085514        1.9467519614235802     
  0.28904207477873095       0.29471978749481320        1.9467518487395770     
  0.28904226203216238       0.29472033429873834        1.9467517360554323     
  0.28904244928559381       0.29472088110264028        1.9467516233711386     
  0.28904263653902523       0.29472142790649725        1.9467515106867057     
  0.28904282379245666       0.29472197471033601        1.9467513980021243     
  0.28904301104588809       0.29472252151413769        1.9467512853173974     
  0.28904319829931951       0.29472306831791834        1.9467511726325231     
  0.28904338555275094       0.29472361512164963        1.9467510599475111     
  0.28904357280618237       0.29472416192535572        1.9467509472623525     
  0.28904376005961380       0.29472470872902817        1.9467508345770492     
  0.28904394731304522       0.29472525553268436        1.9467507218915963     
  0.28904413456647665       0.29472580233628531        1.9467506092060074     
  0.28904432181990808       0.29472634913988149        1.9467504965202624     
  0.28904450907333951       0.29472689594342472        1.9467503838343829     
  0.28904469632677093       0.29472744274693441        1.9467502711483582     
  0.28904488358020236       0.29472798955043039        1.9467501584621816     
  0.28904507083363379       0.29472853635388563        1.9467500457758666     
  0.28904525808706522       0.29472908315731178        1.9467499330894027     
  0.28904544534049664       0.29472962996069574        1.9467498204027993     
  0.28904563259392807       0.29473017676404922        1.9467497077160514     
  0.28904581984735950       0.29473072356738300        1.9467495950291538     
  0.28904600710079092       0.29473127037068919        1.9467494823421099     
  0.28904619435422235       0.29473181717394337        1.9467493696549301     
  0.28904638160765378       0.29473236397717917        1.9467492569676002     
  0.28904656886108521       0.29473291078038921        1.9467491442801239     
  0.28904675611451663       0.29473345758355762        1.9467490315925056     
  0.28904694336794806       0.29473400438668468        1.9467489189047460     
  0.29533031611581256       0.31306415345494626        1.9428864875787293     
  0.30161368886367707       0.33135713819443996        1.9388629295590301     
  0.30789706161154157       0.34961144828774454        1.9346800175221401     
  0.31418043435940607       0.36782559037803542        1.9303395775516250     
  0.32046380710727057       0.38599808856417206        1.9258434873725836     
  0.32674717985513507       0.40412748487905747        1.9211936745474119     
  0.33303055260299957       0.42221233975052741        1.9163921146361720     
  0.33931392535086408       0.44025123244513525        1.9114408293243865     
  0.34559729809872858       0.45824276149379828        1.9063418845217448     
  0.35188067084659308       0.47618554509959105        1.9010973884346172     
  0.35816404359445758       0.49407822152725739        1.8957094896156830     
  0.36444741634232208       0.51191944947421142        1.8901803749937889     
  0.37073078909018659       0.52970790842278093        1.8845122678872508     
  0.37701416183805109       0.54744229897388741        1.8787074260035772     
  0.38329753458591559       0.56512134316161400        1.8727681394288800     
  0.38958090733378009       0.58274378474894595        1.8666967286099097     
  0.39586428008164459       0.60030838950430787        1.8604955423318592     
  0.40214765282950909       0.61781394545919410        1.8541669556947469     
  0.40843102557737360       0.63525926314659542        1.8477133680914875     
  0.41471439832523810       0.65264317582049547        1.8411372011903306     
  0.42099777107310260       0.66996453965634417        1.8344408969245822     
  0.42728114382096710       0.68722223393253090        1.8276269154923188     
  0.43356451656883160       0.70441516119328007        1.8206977333686218     
  0.43984788931669611       0.72154224739266493        1.8136558413330710     
  0.44613126206456061       0.73860244202024605        1.8065037425148305     
  0.45241463481242511       0.75559471820827695        1.7992439504578366     
  0.45869800756028961       0.77251807282094653        1.7918789872082073     
  0.46498138030815411       0.78937152652543319        1.7844113814263682     
  0.47126475305601861       0.80615412384557472        1.7768436665256631     
  0.47754812580388312       0.82286493319798515        1.7691783788396918     
  0.48383149855174762       0.83950304691105349        1.7614180558201800     
  0.49011487129961212       0.85606758122704252        1.7535652342672794     
  0.49639824404747662       0.87255767628788394        1.7456224485937493     
  0.50268161679534118       0.88897249610450102        1.7375922291249697     
  0.50896498954320568       0.90531122851050938        1.7294771004359157     
  0.51524836229107018       0.92157308510027780        1.7212795797267324     
  0.52153173503893469       0.93775730115196565        1.7130021752379994     
  0.52781510778679919       0.95386313553571744        1.7046473847069954     
  0.53409848053466369       0.96988987060761012        1.6962176938658708     
  0.54038185328252819       0.98583681208955842        1.6877155749828288     
  0.54666522603039269        1.0017032889357402        1.6791434854470471     
  0.55294859877825719        1.0174886531858611        1.6705038663981531     
  0.55923197152612170        1.0331922798056810        1.6617991414009388     
  0.56551534427398620        1.0488135665153506        1.6530317151657181     
  0.57179871702185070        1.0643519336058651        1.6442039723149329     
  0.57808208976971520        1.0798068237440566        1.6353182761963327     
  0.58436546251757970        1.0951777017666910        1.6263769677429614     
  0.59064883526544421        1.1104640544640658        1.6173823643800875     
  0.59693220801330871        1.1256653903534215        1.6083367589793682     
  0.60321558076117321        1.1407812394427597        1.5992424188600458     
  0.60949895350903771        1.1558111529855835        1.5901015848371511     
  0.61578232625690221        1.1707547032267178        1.5809164703167129     
  0.62206569900476671        1.1856114831398932        1.5716892604376220     
  0.62834907175263122        1.2003811061575256        1.5624221112598233     
  0.63463244450049572        1.2150632058929323        1.5531171489986813     
  0.64091581724836022        1.2296574358556700        1.5437764693048512     
  0.64719918999622472        1.2441634691602195        1.5344021365893763     
  0.65348256274408922        1.2585809982285066        1.5249961833934049     
  0.65976593549195373        1.2729097344868314        1.5155606098018188     
  0.66604930823981823        1.2871494080572643        1.5060973829004034     
  0.67233268098768273        1.3012997674443276        1.4966084362755765     
  0.67861605373554723        1.3153605792169734        1.4870956695562005     
  0.68489942648341173        1.3293316276866616        1.4775609479964316     
  0.69118279923127623        1.3432127145814146        1.4680061020991759     
  0.69746617197914074        1.3570036587167924        1.4584329272788548     
  0.70374954472700524        1.3707042956637128        1.4488431835629754     
  0.71003291747486974        1.3843144774136211        1.4392385953314730     
  0.71631629022273424        1.3978340720414870        1.4296208510928188     
  0.72259966297059874        1.4112629633667548        1.4199916032960982     
  0.72888303571846325        1.4246010506127831        1.4103524681779351     
  0.73516640846632775        1.4378482480648889        1.4007050256434730     
  0.74144978121419225        1.4510044847275525        1.3910508191801647     
  0.74773315396205675        1.4640697039808546        1.3813913558036162     
  0.75401652670992125        1.4770438632366139        1.3717281060342730     
  0.76029989945778575        1.4899269335944083        1.3620625039040410     
  0.76658327220565026        1.5027188994978609        1.3523959469917355     
  0.77286664495351476        1.5154197583912754        1.3427297964864287     
  0.77915001770137926        1.5280295203771064        1.3330653772775378     
  0.78543339044924376        1.5405482078743602        1.3234039780707072     
  0.79171676319710826        1.5529758552781889        1.3137468515284703     
  0.79800013594497277        1.5653125086209543        1.3040952144345943     
  0.80428350869283727        1.5775582252349023        1.2944502478812105     
  0.81056688144070177        1.5897130734167946        1.2848130974775607     
  0.81685025418856627        1.6017771320944543        1.2751848735796059     
  0.82313362693643077        1.6137504904957645        1.2655666515392010     
  0.82941699968429528        1.6256332478199089        1.2559594719722262     
  0.83570037243215978        1.6374255129114004        1.2463643410443468     
  0.84198374518002428        1.6491274039367343        1.2367822307738181     
  0.84826711792788878        1.6607390480640414        1.2272140793501269     
  0.85455049067575328        1.6722605811458688        1.2176607914676874     
  0.86083386342361778        1.6836921474050439        1.2081232386737437     
  0.86711723617148229        1.6950338991240272        1.1986022597294701     
  0.87340060891934679        1.7062859963375512        1.1890986609835987     
  0.87968398166721129        1.7174486065290351        1.1796132167575257     
  0.88596735441507579        1.7285219043305426        1.1701466697412475     
  0.89225072716294029        1.7395060712265342        1.1606997313993299     
  0.89853409991080480        1.7504012952615866        1.1512730823859592     
  0.90481747265866930        1.7612077707519189        1.1418673729685946     
  0.91110084540653380        1.7719256980010458        1.1324832234592728     
  0.91738421815439830        1.7825552830195357        1.1231212246529148     
  0.92366759090226280        1.7930967372488522        1.1137819382720311     
  0.92995096365012730        1.8035502772895116        1.1044658974170458     
  0.93623433639799181        1.8139161246334174        1.0951736070216651     
  0.94251770914585631        1.8241945054005957        1.0859055443126318     
  0.94880108189372081        1.8343856500801872        1.0766621592733150     
  0.95508445464158531        1.8444897932759088        1.0674438751104836     
  0.96136782738944981        1.8545071734558800        1.0582510887237906     
  0.96765120013731432        1.8644380327069239        1.0490841711773078     
  0.97393457288517882        1.8742826164932336        1.0399434681728128     
  0.98021794563304332        1.8840411734196341        1.0308293005240452     
  0.98650131838090782        1.8937139549991986        1.0217419646317227     
  0.99278469112877232        1.9033012154254243        1.0126817329586861     
  0.99906806387663682        1.9128032113488413        1.0036488545048374     
   1.0053514366245013        1.9222202016581171       0.99464355528141890     
   1.0116348093723659        1.9315524472656043       0.98566603878424053     
   1.0179181821202306        1.9408002108973612       0.97671648646548015     
   1.0242015548680952        1.9499637568876240       0.96779505820370593     
   1.0304849276159598        1.9590433509776550       0.95890189277177362     
   1.0367683003638244        1.9680392601190377       0.95003710830230126     
   1.0430516731116890        1.9769517522812921       0.94120080275038587     
   1.0493350458595536        1.9857810962639102       0.93239305435325170     
   1.0556184186074182        1.9945275615126319       0.92361392208665694     
   1.0619017913552828        2.0031914179400623       0.91486344611769221     
   1.0681851641031475        2.0117729357505274       0.90614164825378474     
   1.0744685368510121        2.0202723852691018       0.89744853238769784     
   1.0807519095988767        2.0286900367748459       0.88878408493830641     
   1.0870352823467413        2.0370261603382156       0.88014827528685957     
   1.0933186550946059        2.0452810256624709       0.87154105620875599     
   1.0996020278424705        2.0534549019292099       0.86296236430041606     
   1.1058854005903351        2.0615480576478569       0.85441212040130776     
   1.1121687733381997        2.0695607605091402       0.84589023001082753     
   1.1184521460860644        2.0774932772424166       0.83739658370003112     
   1.1247355188339290        2.0853458734769372       0.82893105751795815     
   1.1310188915817936        2.0931188136068535       0.82049351339255872     
   1.1373022643296582        2.1008123606599636       0.81208379952610099     
   1.1435856370775228        2.1084267761702482       0.80370175078486550     
   1.1498690098253874        2.1159623200539177       0.79534718908326751     
   1.1561523825732520        2.1234192504891962       0.78701992376203445     
   1.1624357553211166        2.1307978237995409       0.77871975196070775     
   1.1687191280689813        2.1380982943403657       0.77044645898415609     
   1.1750025008168459        2.1453209143892296       0.76219981866320929     
   1.1812858735647105        2.1524659340393475       0.75397959370930578     
   1.1875692463125751        2.1595336010964745       0.74578553606314102     
   1.1938526190604397        2.1665241609789354       0.73761738723737158     
   1.2001359918083043        2.1734378566210206       0.72947487865318339     
   1.2064193645561689        2.1802749283793679       0.72135773197094488     
   1.2127027373040336        2.1870356139425406       0.71326565941474296     
   1.2189861100518982        2.1937201482435755       0.70519836409095826     
   1.2252694827997628        2.2003287633755408       0.69715554030078242     
   1.2315528555476274        2.2068616885099614       0.68913687384677791     
   1.2378362282954920        2.2133191498181986       0.68114204233342557     
   1.2441196010433566        2.2197013703955193       0.67317071546175689     
   1.2504029737912212        2.2260085701880068       0.66522255531805607     
   1.2566863465390858        2.2322409659221139       0.65729721665667484     
   1.2629697192869505        2.2383987710368540       0.64939434717703559     
   1.2692530920348151        2.2444821956186316       0.64151358779478540     
   1.2755364647826797        2.2504914463385242       0.63365457290724714     
   1.2818198375305443        2.2564267263920819       0.62581693065315169     
   1.2881032102784089        2.2622882354415630       0.61800028316669553     
   1.2943865830262735        2.2680761695604761       0.61020424682605401     
   1.3006699557741381        2.2737907211805344       0.60242843249631828     
   1.3069533285220027        2.2794320790407534       0.59467244576697098     
   1.3132367012698674        2.2850004281388747       0.58693588718396950     
   1.3195200740177320        2.2904959496848774       0.57921835247644715     
   1.3258034467655966        2.2959188210566555       0.57151943277817041     
   1.3320868195134612        2.3012692157576851       0.56383871484376658     
   1.3383701922613258        2.3065473033767843       0.55617578125983291     
   1.3446535650091904        2.3117532495498061       0.54853021065093910     
   1.3509369377570550        2.3168872159232254       0.54090157788069348     
   1.3572203105049196        2.3219493601196177       0.53328945424784480     
   1.3635036832527843        2.3269398357050082       0.52569340767756778     
   1.3697870560006489        2.3318587921578859       0.51811300290797713     
   1.3760704287485135        2.3367063748401078       0.51054780167193325     
   1.3823538014963781        2.3414827249693548       0.50299736287428531     
   1.3886371742442427        2.3461879795932981       0.49546124276454712     
   1.3949205469921073        2.3508222715654123       0.48793899510511912     
   1.4012039197399719        2.3553857295222640       0.48043017133517563     
   1.4074872924878365        2.3598784778623885       0.47293432073022662     
   1.4137706652357012        2.3643006367266404       0.46545099055749195     
   1.4200540379835658        2.3686523219799582       0.45797972622713518     
   1.4263374107314304        2.3729336451945837       0.45052007143946349     
   1.4326207834792950        2.3771447136346104       0.44307156832815930     
   1.4389041562271596        2.3812856302418766       0.43563375759961387     
   1.4451875289750242        2.3853564936231679       0.42820617866847843     
   1.4514709017228888        2.3893573980386416       0.42078836978948153     
   1.4577542744707535        2.3932884333915392       0.41337986818560479     
   1.4640376472186181        2.3971496852190124       0.40598021017271307     
   1.4703210199664827        2.4009412346841708       0.39858893128069584     
   1.4766043927143473        2.4046631585692233       0.39120556637120768     
   1.4828877654622119        2.4083155292697316       0.38382964975209122     
   1.4891711382100765        2.4118984147899099       0.37646071528857178     
   1.4954545109579411        2.4154118787389391       0.36909829651128523     
   1.5017378837058057        2.4188559803283645       0.36174192672123939     
   1.5080212564536704        2.4222307743703793       0.35439113909172659     
   1.5143046292015350        2.4255363112770860       0.34704546676738779     
   1.5205880019493996        2.4287726370606868       0.33970444296038027     
   1.5268713746972642        2.4319397933346005       0.33236760104378898     
   1.5331547474451288        2.4350378173153362       0.32503447464233454     
   1.5394381201929934        2.4380667418253368       0.31770459772052667     
   1.5457214929408580        2.4410265952965791       0.31037750466817865     
   1.5520048656887226        2.4439174017749528       0.30305273038356012     
   1.5582882384365873        2.4467391809254626       0.29572981035409274     
   1.5645716111844519        2.4494919480381290       0.28840828073475427     
   1.5708549839323165        2.4521757140346665       0.28108767842427695     
   1.5771383566801811        2.4547904854758156       0.27376754113911111     
   1.5834217294280457        2.4573362645694119       0.26644740748535800     
   1.5897051021759103        2.4598130491790822       0.25912681702865220     
   1.5959884749237749        2.4622208328336357       0.25180531036210885     
   1.6022718476716395        2.4645596047370439       0.24448242917237267     
   1.6085552204195042        2.4668293497790459       0.23715771630389720     
   1.6148385931673688        2.4690300485463688       0.22983071582146211     
   1.6211219659152334        2.4711616773345266       0.22250097307102312     
   1.6274053386630980        2.4732242081601385       0.21516803473899285     
   1.6336887114109626        2.4752176087738813       0.20783144890998231     
   1.6399720841588272        2.4771418426739102       0.20049076512306857     
   1.6462554569066918        2.4789968691198108       0.19314553442671342     
   1.6525388296545565        2.4807826431471285       0.18579530943232195     
   1.6588222024024211        2.4824991155822973       0.17843964436658999     
   1.6651055751502857        2.4841462330581137       0.17107809512262209     
   1.6713889478981503        2.4857239380297256       0.16371021930999069     
   1.6776723206460149        2.4872321687909706       0.15633557630367087     
   1.6839556933938795        2.4886708594912927       0.14895372729208126     
   1.6902390661417441        2.4900399401530566       0.14156423532412740     
   1.6965224388896087        2.4913393366892538       0.13416666535543659     
   1.7028058116374734        2.4925689709217478       0.12676058429381706     
   1.7090891843853380        2.4937287605998444       0.11934556104396572     
   1.7153725571332026        2.4948186194193429       0.11192116655154534     
   1.7216559298810672        2.4958384570419727       0.10448697384667828     
   1.7279393026289318        2.4967881791152200        9.7042558086890190E-002
   1.7342226753767964        2.4976676872926169        8.9587496599635497E-002
   1.7405060481246610        2.4984768792543672        8.2121368924408938E-002
   1.7467894208725256        2.4992156487283834        7.4643756854512855E-002
   1.7530727936203903        2.4998838855117747        6.7154244478619632E-002
   1.7593561663682549        2.5004814754926081        5.9652418222062242E-002
   1.7656395391161195        2.5010083006721624        5.2137866888068533E-002
   1.7719229118639841        2.5014642391875497        4.4610181698864756E-002
   1.7782062846118487        2.5018491653346748        3.7068956336824443E-002
   1.7844896573597133        2.5021629495916256        2.9513786985658770E-002
   1.7907730301075779        2.5024054586424533        2.1944272371727552E-002
   1.7970564028554425        2.5025765554013324        1.4360013805581101E-002
   1.8033397756033072        2.5026760990370946        6.7606152237168048E-003
   1.8096231483511718        2.5027039449982000       -8.5431676930744580E-004
   1.8159065210990364        2.5026599450380718       -8.4851728583811795E-003
   1.8221898938469010        2.5025439472408428       -1.6132340974880831E-002
   1.8284732665947656        2.5023557960475151       -2.3796206253210276E-002
   1.8347566393426302        2.5020953322825448       -3.1477150986711729E-002
   1.8410400120904948        2.5017623931807993       -3.9175554582964164E-002
   1.8473233848383595        2.5013568124149699       -4.6891793518328478E-002
   1.8536067575862241        2.5008784201234779       -5.4626241291690178E-002
   1.8598901303340887        2.5003270429386704       -6.2379268377400959E-002
   1.8661735030819533        2.4997025040156102       -7.0151242177214079E-002
   1.8724568758298179        2.4990046230612437       -7.7942526971296958E-002
   1.8787402485776825        2.4982332163640564       -8.5753483868131586E-002
   1.8850236213255471        2.4973880968242215       -9.3584470753304907E-002
   1.8913069940734117        2.4964690739842066      -0.10143584223710045     
   1.8975903668212764        2.4954759540599132      -0.10930794960079143     
   1.9038737395691410        2.4944085399722820      -0.11720114074163795     
   1.9101571123170056        2.4932666313794902      -0.12511576011642500     
   1.9164404850648702        2.4920500247096120      -0.13305214868355469     
   1.9227238578127348        2.4907585131938914      -0.14101064384357515     
   1.9290072305605994        2.4893918869005720      -0.14899157937805158     
   1.9352906033084640        2.4879499327692653      -0.15699528538680374     
   1.9415739760563286        2.4864324346459918      -0.16502208822331751     
   1.9478573488041933        2.4848391733187767      -0.17307231042833565     
   1.9541407215520579        2.4831699265539240      -0.18114627066154385     
   1.9604240942999225        2.4814244691329019      -0.18924428363124415     
   1.9667074670477871        2.4796025728899571      -0.19736666002198933     
   1.9729908397956517        2.4777040067503560      -0.20551370642005265     
   1.9792742125435163        2.4757285367693815      -0.21368572523671950     
   1.9855575852913809        2.4736759261720782      -0.22188301462925761     
   1.9918409580392455        2.4715459353936815      -0.23010586841955386     
   1.9981243307871102        2.4693383221209175      -0.23835457601029009     
   2.0044077035349748        2.4670528413340160      -0.24662942229862925     
   2.0106910762828392        2.4646892453496387      -0.25493068758727716     
   2.0169744490307036        2.4622472838645728      -0.26325864749292394     
   2.0232578217785679        2.4597267040003601      -0.27161357285189031     
   2.0295411945264323        2.4571272503488051      -0.27999572962300562     
   2.0358245672742967        2.4544486650183934      -0.28840537878755235     
   2.0421079400221611        2.4516906876817224      -0.29684277624625321     
   2.0483913127700255        2.4488530556238750      -0.30530817271319893     
   2.0546746855178899        2.4459355037917918      -0.31380181360666670     
   2.0609580582657543        2.4429377648447463      -0.32232393893671057     
   2.0672414310136187        2.4398595692058200      -0.33087478318950031     
   2.0735248037614831        2.4367006451145601      -0.33945457520826922     
   2.0798081765093475        2.4334607186807271      -0.34806353807085672     
   2.0860915492572119        2.4301395139392077      -0.35670188896372557     
   2.0923749220050762        2.4267367529061810      -0.36536983905240633     
   2.0986582947529406        2.4232521556364794      -0.37406759334825945     
   2.1049416675008050        2.4196854402821999      -0.38279535057155617     
   2.1112250402486694        2.4160363231527096      -0.39155330301067570     
   2.1175084129965338        2.4123045187759184      -0.40034163637748366     
   2.1237917857443982        2.4084897399609693      -0.40916052965872712     
   2.1300751584922626        2.4045916978623252      -0.41801015496342275     
   2.1363585312401270        2.4006101020453499      -0.42689067736613384     
   2.1426419039879914        2.3965446605533320      -0.43580225474610423     
   2.1489252767358558        2.3923950799761120      -0.44474503762213485     
   2.1552086494837202        2.3881610655202081      -0.45371916898320447     
   2.1614920222315845        2.3838423210806514      -0.46272478411467566     
   2.1677753949794489        2.3794385493143904      -0.47176201042012855     
   2.1740587677273133        2.3749494517154344      -0.48083096723869884     
   2.1803421404751777        2.3703747286917691      -0.48993176565782903     
   2.1866255132230421        2.3657140796440124      -0.49906450832147919     
   2.1929088859709065        2.3609672030458988      -0.50822928923366884     
   2.1991922587187709        2.3561337965266964      -0.51742619355727704     
   2.2054756314666353        2.3512135569554626      -0.52665529740813888     
   2.2117590042144997        2.3462061805273180      -0.53591666764431911     
   2.2180423769623641        2.3411113628517302      -0.54521036165052672     
   2.2243257497102285        2.3359287990427897      -0.55453642711769757     
   2.2306091224580928        2.3306581838117020      -0.56389490181759216     
   2.2368924952059572        2.3252992115612909      -0.57328581337251228     
   2.2431758679538216        2.3198515764827929      -0.58270917902000408     
   2.2494592407016860        2.3143149726548713      -0.59216500537255390     
   2.2557426134495504        2.3086890941448956      -0.60165328817229846     
   2.2620259861974148        2.3029736351125534      -0.61117401204068267     
   2.2683093589452792        2.2971682899159176      -0.62072715022305847     
   2.2745927316931436        2.2912727532198192      -0.63031266432829347     
   2.2808761044410080        2.2852867201068445      -0.63993050406326080     
   2.2871594771888724        2.2792098861907220      -0.64958060696236997     
   2.2934428499367367        2.2730419477323580      -0.65926289811203775     
   2.2997262226846011        2.2667826017585022      -0.66897728987015226     
   2.3060095954324655        2.2604315461830349      -0.67872368158059337     
   2.3122929681803299        2.2539884799309782      -0.68850195928281577     
   2.3185763409281943        2.2474531030653186      -0.69831199541650890     
   2.3248597136760587        2.2408251169165543      -0.70815364852145213     
   2.3311430864239231        2.2341042242151756      -0.71802676293256362     
   2.3374264591717875        2.2272901292269531      -0.72793116847026518     
   2.3437098319196519        2.2203825378912505      -0.73786668012616619     
   2.3499932046675163        2.2133811579622833      -0.74783309774422602     
   2.3562765774153807        2.2062856991533999      -0.75783020569746085     
   2.3625599501632450        2.1990958732844512      -0.76785777256028231     
   2.3688433229111094        2.1918113944322162      -0.77791555077664198     
   2.3751266956589738        2.1844319790840507      -0.78800327632403178     
   2.3814100684068382        2.1769573462946759      -0.79812066837353812     
   2.3876934411547026        2.1693872178461695      -0.80826742894609838     
   2.3939768139025670        2.1617213184112916      -0.81844324256506551     
   2.4002601866504314        2.1539593757200026      -0.82864777590535510     
   2.4065435593982958        2.1461011207293859      -0.83888067743925310     
   2.4128269321461602        2.1381462877968582      -0.84914157707919558     
   2.4191103048940246        2.1300946148568358      -0.85943008581761982     
   2.4253936776418890        2.1219458436007210      -0.86974579536425345     
   2.4316770503897533        2.1136997196603668      -0.88008827778096566     
   2.4379604231376177        2.1053559927950394      -0.89045708511447663     
   2.4442437958854821        2.0969144170817238      -0.90085174902729337     
   2.4505271686333465        2.0883747511090656      -0.91127178042697554     
   2.4568105413812109        2.0797367581746711      -0.92171666909427208     
   2.4630939141290753        2.0710002064860364      -0.93218588331021368     
   2.4693772868769397        2.0621648693649042      -0.94267886948272928     
   2.4756606596248041        2.0532305254552505      -0.95319505177292474     
   2.4819440323726685        2.0441969589346036      -0.96373383172166815     
   2.4882274051205329        2.0350639597291114      -0.97429458787655698     
   2.4945107778683973        2.0258313237319672      -0.98487667541997392     
   2.5007941506162616        2.0164988530253667      -0.99547942579849358     
   2.5070775233641260        2.0070663561059301       -1.0061021463541664     
   2.5133608961119904        1.9975336481137282       -1.0167441199580476     
   2.5196442688598548        1.9879005510645011       -1.0274046046466700     
   2.5259276416077192        1.9781668940854835       -1.0380828332617364     
   2.5322110143555836        1.9683325136546375       -1.0487780130936664     
   2.5384943871034480        1.9583972538429320       -1.0594893255296860     
   2.5447777598513124        1.9483609665603383       -1.0702159257066846     
   2.5510611325991768        1.9382235118047384       -1.0809569421698053     
   2.5573445053470412        1.9279847579141520       -1.0917114765371752     
   2.5636278780949056        1.9176445818220889       -1.1024786031714173     
   2.5699112508427699        1.9072028693159704       -1.1132573688586402     
   2.5761946235906343        1.8966595152984418       -1.1240467924956272     
   2.5824779963384987        1.8860144240518284       -1.1348458647857076     
   2.5887613690863631        1.8752675095050679       -1.1456535479443712     
   2.5950447418342275        1.8644186955037152       -1.1564687754149654     
   2.6013281145820919        1.8534679160823100       -1.1672904515955607     
   2.6076114873299563        1.8424151157394266       -1.1781174515775172     
   2.6138948600778207        1.8312602497150492       -1.1889486208966804     
   2.6201782328256851        1.8200032842703058       -1.1997827752979282     
   2.6264616055735495        1.8086441969692164       -1.2106187005139792     
   2.6327449783214139        1.7971829769626169       -1.2214551520591836     
   2.6390283510692782        1.7856196252738525       -1.2322908550392668     
   2.6453117238171426        1.7739541550861915       -1.2431245039778267     
   2.6515950965650070        1.7621865920318511       -1.2539547626604666     
   2.6578784693128714        1.7503169744823797       -1.2647802639975025     
   2.6641618420607358        1.7383453538400984       -1.2755996099061739     
   2.6704452148086002        1.7262717948309214       -1.2864113712130822     
   2.6767285875564646        1.7140963757975052       -1.2972140875781559     
   2.6830119603043290        1.7018191889934942       -1.3080062674406445     
   2.6892953330521934        1.6894403408777541       -1.3187863879884751     
   2.6955787058000578        1.6769599524091201       -1.3295528951516054     
   2.7018620785479222        1.6643781593408444       -1.3403042036205650     
   2.7081454512957865        1.6516951125148394       -1.3510386968910011     
   2.7144288240436509        1.6389109781554685       -1.3617547273351756     
   2.7207121967915153        1.6260259381622848       -1.3724506163015178     
   2.7269955695393797        1.6130401904020364       -1.3831246542429281     
   2.7332789422872441        1.5999539489989849       -1.3937751008750454     
   2.7395623150351085        1.5867674446237900       -1.4044001853652202     
   2.7458456877829729        1.5734809247804484       -1.4149981065531683     
   2.7521290605308373        1.5600946540909248       -1.4255670332042536     
   2.7584124332787017        1.5466089145772692       -1.4361051042962649     
   2.7646958060265661        1.5330240059409781       -1.4466104293404958     
   2.7709791787744305        1.5193402458388825       -1.4570810887381862     
   2.7772625515222948        1.5055579701558748       -1.4675151341728354     
   2.7835459242701592        1.4916775332735133       -1.4779105890395019     
   2.7898292970180236        1.4776993083344170       -1.4882654489117109     
   2.7961126697658880        1.4636236875022255       -1.4985776820466750     
   2.8023960425137524        1.4494510822164572       -1.5088452299296693     
   2.8086794152616168        1.4351819234421630       -1.5190660078580938     
   2.8149627880094812        1.4208166619137705       -1.5292379055659617     
   2.8212461607573456        1.4063557683730152       -1.5393587878892723     
   2.8275295335052100        1.3917997338002182       -1.5494264954729571     
   2.8338129062530744        1.3771490696388116       -1.5594388455197343     
   2.8400962790009388        1.3624043080126678       -1.5693936325813529     
   2.8463796517488031        1.3475660019355418       -1.5792886293926875     
   2.8526630244966675        1.3326347255127562       -1.5891215877487894     
   2.8589463972445319        1.3176110741341083       -1.5988902394253779     
   2.8652297699923963        1.3024956646581700       -1.6085922971427267     
   2.8715131427402607        1.2872891355870975       -1.6182254555732294     
   2.8777965154881251        1.2719921472318392       -1.6277873923925712     
   2.8840798882359895        1.2566053818672052       -1.6372757693744857     
   2.8903632609838539        1.2411295438764021       -1.6466882335290258     
   2.8966466337317183        1.2255653598846774       -1.6560224182840437     
   2.9029300064795827        1.2099135788815449       -1.6652759447097074     
   2.9092133792274470        1.1941749723313804       -1.6744464227855589     
   2.9154967519753114        1.1783503342717634       -1.6835314527097662     
   2.9217801247231758        1.1624404813993725       -1.6925286262498773     
   2.9280634974710402        1.1464462531428887       -1.7014355281345714     
   2.9343468702189046        1.1303685117226248       -1.7102497374855092     
   2.9406302429667690        1.1142081421964680       -1.7189688292885499     
   2.9469136157146334        1.0979660524918224       -1.7275903759033080     
   2.9531969884624978        1.0816431734230130       -1.7361119486100673     
   2.9594803612103622        1.0652404586941295       -1.7445311191928370     
   2.9657637339582266        1.0487588848865770       -1.7528454615573759     
   2.9720471067060910        1.0321994514313728       -1.7610525533827444     
   2.9783304794539553        1.0155631805657386       -1.7691499778049726     
   2.9846138522018197       0.99885111727345366       -1.7771353251313375     
   2.9908972249496841       0.98206432920921205       -1.7850061945834521     
   2.9971805976975485       0.96520390660621114       -1.7927601960675417     
   3.0034639704454129       0.94827096216709361       -1.8003949519699458     
   3.0097473431932773       0.93126663093762430       -1.8079080989759708     
   3.0160307159411417       0.91419207016337622       -1.8152972899099342     
   3.0223140886890061       0.89704845912887843       -1.8225601955943254     
   3.0285974614368705       0.87983699897903223       -1.8296945067258212     
   3.0348808341847349       0.86255891252309325       -1.8366979357657713     
   3.0411642069325993       0.84521544402038340       -1.8435682188428186     
   3.0474475796804636       0.82780785894833087       -1.8503031176650673     
   3.0537309524283280       0.81033744375232053       -1.8569004214392655     
   3.0600143251761924       0.79280550557747365       -1.8633579487943308     
   3.0662976979240568       0.77521337198219109       -1.8696735497065065     
   3.0725810706719212       0.75756239063378383       -1.8758451074233158     
   3.0788644434197856       0.73985392898568270       -1.8818705403835521     
   3.0851478161676500       0.72208937393679207       -1.8877478041302989     
   3.0914311889155144       0.70427013147284756       -1.8934748932141074     
   3.0977145616633788       0.68639762628978584       -1.8990498430833163     
   3.1039979344112432       0.66847330139946803       -1.9044707319584828     
   3.1102813071591076       0.65049861771779671       -1.9097356826878991     
   3.1165646799069719       0.63247505363536605       -1.9148428645811015     
   3.1228480526548363       0.61440410457111716       -1.9197904952172939     
   3.1291314254027007       0.59628728250896701       -1.9245768422256124     
   3.1354147981505651       0.57812611551773729       -1.9292002250341387     
   3.1416981708984295       0.55992214725485878       -1.9336590165845857     
   3.1479815436462939       0.54167693645419102       -1.9379516450095908     
   3.1542649163941583       0.52339205639790520       -1.9420765952696237     
   3.1605482891420227       0.50506909437350922       -1.9460324107464946     
   3.1668316618898871       0.48670965111575448       -1.9498176947904882     
   3.1731150346377515       0.46831534023445520       -1.9534311122182897     
   3.1793984073856159       0.44988778762817450       -1.9568713907588071     
   3.1856817801334802       0.43142863088480671       -1.9601373224441729     
   3.1919651528813446       0.41293951866908024       -1.9632277649431646     
   3.1982485256292090       0.39442211009794770       -1.9661416428345315     
   3.2045318983770734       0.37587807410418039       -1.9688779488176213     
   3.2108152711249378       0.35730908878885292       -1.9714357448579529     
   3.2170986438728022       0.33871684076339853       -1.9738141632654034     
   3.2233820166206666       0.32010302448180622       -1.9760124077028154     
   3.2296653893685310       0.30146934156360838       -1.9780297541229641     
   3.2359487621163954       0.28281750010842177       -1.9798655516319206     
   3.2422321348642598       0.26414921400276553       -1.9815192232770393     
   3.2485155076121242       0.24546620221967511       -1.9829902667578432     
   3.2547988803599885       0.22677018811206617       -1.9842782550583302     
   3.2610822531078529       0.20806289870052869       -1.9853828369993090     
   3.2673656258557173       0.18934606395629602       -1.9863037377095392     
   3.2736489986035817       0.17062141608010478       -1.9870407590146137     
   3.2799323713514461       0.15189068877779260       -1.9875937797426886     
   3.2862157440993105       0.13315561653352506       -1.9879627559463413     
   3.2924991168471749       0.11441793388116511       -1.9881477210399690     
   3.2987824895950393        9.5679374674775872E-002  -1.9881487858522999     
   3.3050658623429037        7.6941671359208680E-002  -1.9879661385939114     
   3.3113492350907681        5.8206554241143335E-002  -1.9876000447395397     
   3.3176326078386325        3.9475750761788039E-002  -1.9870508468254267     
   3.3239159805864968        2.0750984771893799E-002  -1.9863189641619403     
   3.3301993533343612        2.0339758098388595E-003  -1.9854048924619501     
   3.3364827260822256       -1.6673561616517736E-002  -1.9843092033855390     
   3.3427660988300900       -3.5369918742980302E-002  -1.9830325440019734     
   3.3490494715779544       -5.4053393256985535E-002  -1.9815756361697621     
   3.3553328443258188       -7.2722289999281403E-002  -1.9799392758359986     
   3.3616162170736832       -9.1374921658612232E-002  -1.9781243322562916     
   3.3678995898215476      -0.11000960945856395       -1.9761317471367099     
   3.3741829625694120      -0.12862468383617795       -1.9739625336993045     
   3.3804663353172764      -0.14721848511125618       -1.9716177756729998     
   3.3867497080651408      -0.16578936414589041       -1.9690986262117014     
   3.3930330808130051      -0.18433568299332179       -1.9664063067416793     
   3.3993164535608695      -0.20285581553578941       -1.9635421057403057     
   3.4055998263087339      -0.22134814811051531       -1.9605073774484369     
   3.4118831990565983      -0.23981108012305333       -1.9573035405189216     
   3.4181665718044627      -0.25824302464795101       -1.9539320766035035     
   3.4244499445523271      -0.27664240901546894       -1.9503945288809779     
   3.4307333173001915      -0.29500767538445205       -1.9466925005290403     
   3.4370166900480559      -0.31333728130030136       -1.9428276531427888     
   3.4433000627959203      -0.33162970023794747       -1.9388017051026156     
   3.4495834355437847      -0.34988342212921636       -1.9346164298943844     
   3.4558668082916491      -0.36809695387404406       -1.9302736543850001     
   3.4621501810395134      -0.38626881983534916       -1.9257752570562447     
   3.4684335537873778      -0.40439756231700202       -1.9211231662000599     
   3.4747169265352422      -0.42248174202470540       -1.9163193580782856     
   3.4810002992831066      -0.44051993850919541       -1.9113658550501433     
   3.4872836720309710      -0.45851075059186408       -1.9062647236704229     
   3.4935670447788354      -0.47645279677225177       -1.9010180727616481     
   3.4998504175266998      -0.49434471561715393       -1.8956280514634296     
   3.5061337902745642      -0.51218516613143084       -1.8900968472620390     
   3.5124171630224286      -0.52997282811008062       -1.8844266840034123     
   3.5187005357702930      -0.54770640247136382       -1.8786198198928417     
   3.5249839085181573      -0.56538461157141917       -1.8726785454840835     
   3.5312672812660217      -0.58300619949941657       -1.8666051816614675     
   3.5375506540138861      -0.60056993235400613       -1.8604020776175463     
   3.5438340267617505      -0.61807459850063584       -1.8540716088295193     
   3.5501173995096149      -0.63551900880959356       -1.8476161750373747     
   3.5564007722574793      -0.65290199687535799       -1.8410381982263542     
   3.5626841450053437      -0.67022241921664294       -1.8343401206168855     
   3.5689675177532081      -0.68747915545775284       -1.8275244026643755     
   3.5752508905010725      -0.70467110849106096       -1.8205935210717239     
   3.5815342632489369      -0.72179720462081121       -1.8135499668170196     
   3.5878176359968013      -0.73885639368844391       -1.8063962431989509     
   3.5941010087446656      -0.75584764917961234       -1.7991348639022369     
   3.6003843814925300      -0.77276996831302780       -1.7917683510854814     
   3.6066677542403944      -0.78962237211138975       -1.7842992334935901     
   3.6129511269882588      -0.80640390545468188       -1.7767300445968579     
   3.6192344997361232      -0.82311363711607122       -1.7690633207587219     
   3.6255178724839876      -0.83975065978063157       -1.7613015994341321     
   3.6318012452318520      -0.85631409004730974       -1.7534474174002590     
   3.6380846179797164      -0.87280306841427346       -1.7455033090213266     
   3.6443679907275808      -0.88921675924818444       -1.7374718045490476     
   3.6506513634754452      -0.90555435073754775       -1.7293554284602408     
   3.6569347362233096      -0.92181505483059545       -1.7211566978329509     
   3.6632181089711739      -0.93799810715807530       -1.7128781207623442     
   3.6695014817190383      -0.95410276694126372       -1.7045221948175564     
   3.6757848544669027      -0.97012831688568080       -1.6960914055405116     
   3.6820682272147671      -0.98607406306076795       -1.6875882249877803     
   3.6883515999626315       -1.0019393347661292       -1.6790151103161377     
   3.6946349727104959       -1.0177234843846514       -1.6703745024126826     
   3.7009183454583603       -1.0334258872227753       -1.6616688245702680     
   3.7072017182062247       -1.0490459413386923       -1.6529004812085286     
   3.7134850909540891       -1.0645830673586028       -1.6440718566411852     
   3.7197684637019535       -1.0800367082815479       -1.6351853138899279     
   3.7260518364498179       -1.0954063292733831       -1.6262431935450570     
   3.7323352091976822       -1.1106914174501459       -1.6172478126731971     
   3.7386185819455466       -1.1258914816513668       -1.6082014637720985     
   3.7449019546934110       -1.1410060522038101       -1.5991064137725266     
   3.7511853274412754       -1.1560346806759207       -1.5899649030872489     
   3.7574687001891398       -1.1709769396236760       -1.5807791447068442     
   3.7637520729370042       -1.1858324223279568       -1.5715513233423344     
   3.7700354456848686       -1.2006007425242498       -1.5622835946140214     
   3.7763188184327330       -1.2152815341247636       -1.5529780842865402     
   3.7826021911805974       -1.2298744509336006       -1.5436368875494557     
   3.7888855639284618       -1.2443791663554280       -1.5342620683429760     
   3.7951689366763262       -1.2587953730979045       -1.5248556587283117     
   3.8014523094241905       -1.2731227828684306       -1.5154196583020585     
   3.8077356821720549       -1.2873611260656159       -1.5059560336538784     
   3.8140190549199193       -1.3015101514657295       -1.4964667178669842     
   3.8203024276677837       -1.3155696259047709       -1.4869536100604557     
   3.8265858004156481       -1.3295393339563546       -1.4774185749728068     
   3.8328691731635125       -1.3434190776058192       -1.4678634425859367     
   3.8391525459113769       -1.3572086759210833       -1.4582900077885548     
   3.8454359186592413       -1.3709079647204581       -1.4487000300782766     
   3.8517192914071057       -1.3845167962377629       -1.4390952333015528     
   3.8580026641549701       -1.3980350387852825       -1.4294773054303112     
   3.8642860369028345       -1.4114625764147599       -1.4198478983745180     
   3.8705694096506988       -1.4247993085766861       -1.4102086278297199     
   3.8768527823985632       -1.4380451497784843       -1.4005610731583829     
   3.8831361551464276       -1.4512000292415608       -1.3909067773042987     
   3.8894195278942920       -1.4642638905577998       -1.3812472467388344     
   3.8957029006421564       -1.4772366913457449       -1.3715839514380295     
   3.9019862733900208       -1.4901184029065142       -1.3619183248897611     
   3.9082696461378852       -1.5029090098801525       -1.3522517641295426     
   3.9145530188857496       -1.5156085099022953       -1.3425856298042778     
   3.9208363916336140       -1.5282169132616148       -1.3329212462627622     
   3.9271197643814784       -1.5407342425582440       -1.3232599016719528     
   3.9334031371293428       -1.5531605323633928       -1.3136028481579527     
   3.9396865098772071       -1.5654958288804448       -1.3039513019707447     
   3.9459698826250715       -1.5777401896076431       -1.2943064436716276     
   3.9522532553729359       -1.5898936830027619       -1.2846694183422791     
   3.9585366281208003       -1.6019563881497085       -1.2750413358146526     
   3.9648200008686647       -1.6139283944274607       -1.2654232709205195     
   3.9711033736165291       -1.6258098011814834       -1.2558162637597399     
   3.9773867463643935       -1.6376007173976912       -1.2462213199864023     
   3.9836701191122579       -1.6493012613791858       -1.2366394111117998     
   3.9899534918601223       -1.6609115604259721       -1.2270714748233238     
   3.9962368646079867       -1.6724317505177377       -1.2175184153183927     
   4.0025202373558511       -1.6838619759997964       -1.2079811036525419     
   4.0088036101037154       -1.6952023892724650       -1.1984603781007386     
   4.0150869828515798       -1.7064531504838298       -1.1889570445311253     
   4.0213703555994442       -1.7176144272261245       -1.1794718767903696     
   4.0276537283473086       -1.7286863942357826       -1.1700056170997182     
   4.0339371010951730       -1.7396692330972654       -1.1605589764610960     
   4.0402204738430374       -1.7505631319507797       -1.1511326350723445     
   4.0465038465909018       -1.7613682852039410       -1.1417272427509122     
   4.0527872193387662       -1.7720848932474260       -1.1323434193653523     
   4.0590705920866306       -1.7827131621748344       -1.1229817552736576     
   4.0653539648344950       -1.7932533035065772       -1.1136428117681010     
   4.0716373375823594       -1.8037055339180679       -1.1043271215256314     
   4.0779207103302237       -1.8140700749721781       -1.0950351890632943     
   4.0842040830780881       -1.8243471528559840       -1.0857674911980708     
   4.0904874558259525       -1.8345369981218571       -1.0765244775105081     
   4.0967708285738169       -1.8446398454329873       -1.0673065708115252     
   4.1030542013216813       -1.8546559333132671       -1.0581141676119514     
   4.1093375740695457       -1.8645855039016390       -1.0489476385940952     
   4.1156209468174101       -1.8744288027108840       -1.0398073290850218     
   4.1219043195652745       -1.8841860783908924       -1.0306935595308480     
   4.1281876923131389       -1.8938575824963804       -1.0216066259717478     
   4.1344710650610033       -1.9034435692591436       -1.0125468005171032     
   4.1407544378088676       -1.9129442953646718       -1.0035143318204571     
   4.1470378105567320       -1.9223600197333812      -0.99450944555374365     
   4.1533211833045964       -1.9316910033062145      -0.98553234488051178     
   4.1596045560524608       -1.9409375088347156      -0.97658321092771250     
   4.1658879288003252       -1.9500998006755765      -0.96766220325567276     
   4.1721713015481896       -1.9591781445895495      -0.95876946032597699     
   4.1784546742960540       -1.9681728075447835      -0.94990509996689643     
   4.1847380470439184       -1.9770840575245627      -0.94106921983604819     
   4.1910214197917828       -1.9859121633393526      -0.93226189788002101     
   4.1973047925396472       -1.9946573944431831      -0.92348319279069513     
   4.2035881652875116       -2.0033200207542685      -0.91473314445804643     
   4.2098715380353759       -2.0119003124799786      -0.90601177441902403     
   4.2161549107832403       -2.0203985399459166      -0.89731908630255031     
   4.2224382835311047       -2.0288149734292391      -0.88865506627014423     
   4.2287216562789691       -2.0371498829960482      -0.88001968345224213     
   4.2350050290268335       -2.0454035383429727      -0.87141289037977665     
   4.2412884017746979       -2.0535762086426739      -0.86283462341106010     
   4.2475717745225623       -2.0616681623934165      -0.85428480315371513     
   4.2538551472704267       -2.0696796672726374      -0.84576333488145794     
   4.2601385200182911       -2.0776109899943029      -0.83727010894575904     
   4.2664218927661555       -2.0854623961702172      -0.82880500118210176     
   4.2727052655140199       -2.0932341501751002      -0.82036787331083538     
   4.2789886382618842       -2.1009265150154119      -0.81195857333244437     
   4.2852720110097486       -2.1085397522018878      -0.80357693591723023     
   4.2915553837576130       -2.1160741216257009      -0.79522278278928626     
   4.2978387565054774       -2.1235298814382593      -0.78689592310464196     
   4.3041221292533418       -2.1309072879344804      -0.77859615382363401     
   4.3104055020012062       -2.1382065954395921      -0.77032326007735796     
   4.3166888747490706       -2.1454280561993397      -0.76207701552819884     
   4.3229722474969350       -2.1525719202735907      -0.75385718272438818     
   4.3292556202447994       -2.1596384354331692      -0.74566351344860571     
   4.3355389929926638       -2.1666278470601004      -0.73749574906049242     
   4.3418223657405282       -2.1735403980508803      -0.72935362083325583     
   4.3481057384883925       -2.1803763287230158      -0.72123685028413875     
   4.3543891112362569       -2.1871358767246099      -0.71314514949890684     
   4.3606724839841213       -2.1938192769469418      -0.70507822145032473     
   4.3669558567319857       -2.2004267614400925      -0.69703576031059333     
   4.3732392294798501       -2.2069585593314209      -0.68901745175779283     
   4.3795226022277145       -2.2134148967469551      -0.68102297327636840     
   4.3858059749755789       -2.2197959967355145      -0.67305199445167363     
   4.3920893477234433       -2.2261020791956683      -0.66510417725856541     
   4.3983727204713077       -2.2323333608053386      -0.65717917634414602     
   4.4046560932191721       -2.2384900549539966      -0.64927663930467483     
   4.4109394659670365       -2.2445723716775623      -0.64139620695664201     
   4.4172228387149008       -2.2505805175956999      -0.63353751360212984     
   4.4235062114627652       -2.2565146958517013      -0.62570018728844112     
   4.4297895842106296       -2.2623751060546713      -0.61788385006211244     
   4.4360729569584940       -2.2681619442242016      -0.61008811821732667     
   4.4423563297063584       -2.2738754027372758      -0.60231260253874086     
   4.4486397024542228       -2.2795156702774695      -0.59455690853893306     
   4.4549230752020872       -2.2850829317863623      -0.58682063669034867     
   4.4612064479499516       -2.2905773684171096      -0.57910338265197048     
   4.4674898206978160       -2.2959991574900931      -0.57140473749067089     
   4.4737731934456804       -2.3013484724507132      -0.56372428789737472     
   4.4800565661935448       -2.3066254828291033      -0.55606161639807361     
   4.4863399389414091       -2.3118303542018639      -0.54841630155978238     
   4.4926233116892735       -2.3169632481557025      -0.54078791819150307     
   4.4989066844371379       -2.3220243222529238      -0.53317603754027620     
   4.5051900571850023       -2.3270137299988023      -0.52558022748238686     
   4.5114734299328667       -2.3319316208106531      -0.51800005270978600     
   4.5177568026807311       -2.3367781399887062      -0.51043507491187823     
   4.5240401754285955       -2.3415534286886306      -0.50288485295263474     
   4.5303235481764599       -2.3462576238957107      -0.49534894304325611     
   4.5366069209243243       -2.3508908584006947      -0.48782689891029779     
   4.5428902936721887       -2.3554532607770806      -0.48031827195949084     
   4.5491736664200531       -2.3599449553600369      -0.47282261143526660     
   4.5554570391679174       -2.3643660622267748      -0.46533946457604725     
   4.5617404119157818       -2.3687166971783258      -0.45786837676541026     
   4.5680237846636462       -2.3729969717227757      -0.45040889167927228     
   4.5743071574115106       -2.3772069930598612      -0.44296055142899315     
   4.5805905301593750       -2.3813468640668440      -0.43552289670072364     
   4.5868739029072394       -2.3854166832857526      -0.42809546689084393     
   4.5931572756551038       -2.3894165449118439      -0.42067780023776963     
   4.5994406484029682       -2.3933465387832928      -0.41326943395004351     
   4.6057240211508326       -2.3972067503720673      -0.40586990433092379     
   4.6120073938986970       -2.4009972607759829      -0.39847874689947604     
   4.6182907666465614       -2.4047181467118564      -0.39109549650826131     
   4.6245741393944257       -2.4083694805097839      -0.38371968745771290     
   4.6308575121422901       -2.4119513301084328      -0.37635085360728315     
   4.6371408848901545       -2.4154637590514314      -0.36898852848341990     
   4.6434242576380189       -2.4189068264847133      -0.36163224538446864     
   4.6497076303858833       -2.4222805871548263      -0.35428153748258945     
   4.6559910031337477       -2.4255850914082586      -0.34693593792273036     
   4.6622743758816121       -2.4288203851915995      -0.33959497991876580     
   4.6685577486294765       -2.4319865100526434      -0.33225819684686803     
   4.6748411213773409       -2.4350835031423528      -0.32492512233620330     
   4.6811244941252053       -2.4381113972176500      -0.31759529035697809     
   4.6874078668730697       -2.4410702206450576      -0.31026823530600472     
   4.6936912396209340       -2.4439599974050878      -0.30294349208974564     
   4.6999746123687984       -2.4467807470974332      -0.29562059620500475     
   4.7062579851166628       -2.4495324849469227      -0.28829908381730779     
   4.7125413578645272       -2.4522152218101496      -0.28097849183704476     
   4.7188247306123916       -2.4548289641828851      -0.27365835799340310     
   4.7251081033602560       -2.4573737142080887      -0.26633822090629750     
   4.7313914761081204       -2.4598494696846704      -0.25901762015618945     
   4.7376748488559848       -2.4622562240768628      -0.25169609635202367     
   4.7439582216038492       -2.4645939665241801      -0.24437319119724724     
   4.7502415943517136       -2.4668626818521187      -0.23704844755406335     
   4.7565249670995779       -2.4690623505833136      -0.22972140950591186     
   4.7628083398474423       -2.4711929489493509      -0.22239162241831603     
   4.7690917125953067       -2.4732544489031403      -0.21505863299812394     
   4.7753750853431711       -2.4752468181318190      -0.20772198935122377     
   4.7816584580910355       -2.4771700200702149      -0.20038124103881344     
   4.7879418308388999       -2.4790240139148110      -0.19303593913227191     
   4.7942252035867643       -2.4808087546382525      -0.18568563626672110     
   4.8005085763346287       -2.4825241930043038      -0.17832988669333116     
   4.8067919490824931       -2.4841702755833479      -0.17096824633045388     
   4.8130753218303575       -2.4857469447683216      -0.16360027281362158     
   4.8193586945782219       -2.4872541387911364      -0.15622552554453012     
   4.8256420673260862       -2.4886917917395501      -0.14884356573898666     
   4.8319254400739506       -2.4900598335744877      -0.14145395647400116     
   4.8382088128218150       -2.4913581901478006      -0.13405626273399412     
   4.8444921855696794       -2.4925867832204638      -0.12665005145622887     
   4.8507755583175438       -2.4937455304811849      -0.11923489157552120     
   4.8570589310654082       -2.4948343455654434      -0.11181035406830750     
   4.8633423038132726       -2.4958531380749389      -0.10437601199612119     
   4.8696256765611370       -2.4968018135974539       -9.6931440548552850E-002
   4.8759090493090014       -2.4976802737270938       -8.9476217085741550E-002
   4.8821924220568658       -2.4984884160849541       -8.2009921180481143E-002
   4.8884757948047302       -2.4992261343401694       -7.4532134660017763E-002
   4.8947591675525945       -2.4998933182313632       -6.7042441647564580E-002
   4.9010425403004589       -2.5004898535884839       -5.9540428603633497E-002
   4.9073259130483233       -2.5010156223549966       -5.2025684367214303E-002
   4.9136092857961877       -2.5014705026105450       -4.4497800196936381E-002
   4.9198926585440521       -2.5018543685939272       -3.6956369812178674E-002
   4.9261760312919165       -2.5021670907264610       -2.9400989434270407E-002
   4.9324594040397809       -2.5024085356357806       -2.1831257827807555E-002
   4.9387427767876453       -2.5025785661800302       -1.4246776342211786E-002
   4.9450261495355097       -2.5026770414723525       -6.6471489534519999E-003
   4.9513095222833741       -2.5027038169059126        9.6801769378775018E-004
   4.9575928950312385       -2.5026587441792159        8.5991142436471074E-003
   4.9638762677791028       -2.5025416713218540        1.6246528586106875E-002
   4.9701596405269672       -2.5023524427207082        2.3910645813510916E-002
   4.9764430132748316       -2.5020908991464696        3.1591848176502964E-002
   4.9827263860226960       -2.5017568777806791        3.9290515039266678E-002
   4.9890097587705604       -2.5013502122431364        4.7007022834087579E-002
   4.9952931315184248       -2.5008707326197142        5.4741745015107146E-002
   5.0015765042662892       -2.5003182654907032        6.2495052011185430E-002
   5.0078598770141536       -2.4996926339595134        7.0267311177886552E-002
   5.0141432497620180       -2.4989936576818832        7.8058886748437292E-002
   5.0204266225098824       -2.4982211528955496        8.5870139783626981E-002
   5.0267099952577468       -2.4973749324503642        9.3701428120579078E-002
   5.0329933680056111       -2.4964548058389626       0.10155310632031669     
   5.0392767407534755       -2.4954605792278448       0.10942552561405372     
   5.0455601135013399       -2.4943920554890644       0.11731903384814130     
   5.0518434862492043       -2.4932490342323725       0.12523397542762027     
   5.0581268589970687       -2.4920313118379100       0.13317069125827297     
   5.0644102317449331       -2.4907386814895016       0.14112951868710502     
   5.0644104189983645       -2.4907386418489859       0.14112975620427870     
   5.0644106062517960       -2.4907386022084048       0.14112999372147200     
   5.0644107935052274       -2.4907385625677625       0.14113023123868285     
   5.0644109807586588       -2.4907385229270451       0.14113046875591642     
   5.0644111680120902       -2.4907384832862656       0.14113070627316962     
   5.0644113552655217       -2.4907384436454185       0.14113094379044266     
   5.0644115425189531       -2.4907384040045062       0.14113118130773422     
   5.0644117297723845       -2.4907383643635299       0.14113141882504845     
   5.0644119170258159       -2.4907383247224755       0.14113165634238137     
   5.0644121042792474       -2.4907382850813629       0.14113189385973343     
   5.0644122915326788       -2.4907382454401819       0.14113213137710567     
   5.0644124787861102       -2.4907382057989365       0.14113236889449715     
   5.0644126660395417       -2.4907381661576222       0.14113260641191142     
   5.0644128532929731       -2.4907381265162445       0.14113284392934214     
   5.0644130405464045       -2.4907380868748015       0.14113308144679271     
   5.0644132277998359       -2.4907380472332821       0.14113331896426676     
   5.0644134150532674       -2.4907380075916961       0.14113355648176187     
   5.0644136023066988       -2.4907379679500519       0.14113379399927195     
   5.0644137895601302       -2.4907379283083371       0.14113403151680337     
   5.0644139768135616       -2.4907378886665588       0.14113426903435289     
   5.0644141640669931       -2.4907378490247085       0.14113450655192877     
   5.0644143513204245       -2.4907378093827965       0.14113474406951843     
   5.0644145385738559       -2.4907377697408140       0.14113498158713106     
   5.0644147258272874       -2.4907377300987634       0.14113521910476334     
   5.0644149130807188       -2.4907376904566507       0.14113545662241470     
   5.0644151003341502       -2.4907376508144745       0.14113569414008442     
   5.0644152875875816       -2.4907376111722228       0.14113593165777766     
   5.0644154748410131       -2.4907375715299112       0.14113616917548705     
   5.0644156620944445       -2.4907375318875320       0.14113640669321506     
   5.0644158493478759       -2.4907374922450782       0.14113664421097311     
   5.0644160366013073       -2.4907374526025623       0.14113688172874245     
   5.0644162238547388       -2.4907374129599815       0.14113711924653305     
   5.0644164111081702       -2.4907373733173372       0.14113735676434380     
   5.0644165983616016       -2.4907373336746210       0.14113759428217526     
   5.0644167856150331       -2.4907372940318453       0.14113783180002187     
   5.0644169728684645       -2.4907372543889981       0.14113806931789374     
   5.0644171601218959       -2.4907372147460762       0.14113830683578718     
   5.0644173473753273       -2.4907371751030909       0.14113854435369938     
   5.0644175346287588       -2.4907371354600478       0.14113878187162657     
   5.0644177218821902       -2.4907370958169328       0.14113901938957912     
   5.0644179091356216       -2.4907370561737521       0.14113925690754731     
   5.0644180963890530       -2.4907370165305012       0.14113949442553814     
   5.0644182836424845       -2.4907369768871845       0.14113973194355042     
   5.0644184708959159       -2.4907369372437977       0.14113996946158316     
   5.0644186581493473       -2.4907368976003559       0.14114020697962976     
   5.0644188454027788       -2.4907368579568425       0.14114044449770047     
   5.0644190326562102       -2.4907368183132563       0.14114068201579044     
   5.0644192199096416       -2.4907367786696124       0.14114091953389910     
   5.0644194071630730       -2.4907367390258948       0.14114115705202909     
   5.0644195944165045       -2.4907366993821118       0.14114139457018127     
   5.0644197816699359       -2.4907366597382579       0.14114163208835209     
   5.0644199689233673       -2.4907366200943444       0.14114186960654063     
   5.0644201561767987       -2.4907365804503643       0.14114210712474987     
   5.0644203434302302       -2.4907365408063153       0.14114234464297937     
   5.0644205306836616       -2.4907365011622029       0.14114258216122835     
   5.0644207179370930       -2.4907364615180159       0.14114281967949974     
   5.0644209051905245       -2.4907364218737662       0.14114305719778686     
   5.0644210924439559       -2.4907363822294499       0.14114329471609857     
   5.0644212796973873       -2.4907363425850657       0.14114353223442624     
   5.0644214669508187       -2.4907363029406193       0.14114376975277582     
   5.0644216542042502       -2.4907362632961036       0.14114400727114393     
   5.0644218414576816       -2.4907362236515223       0.14114424478953427     
   5.0644220287111130       -2.4907361840068671       0.14114448230794460     
   5.0644222159645444       -2.4907361443621499       0.14114471982637461     
   5.0644224032179759       -2.4907361047173708       0.14114495734482246     
   5.0644225904714073       -2.4907360650725203       0.14114519486328828     
   5.0644227777248387       -2.4907360254276054       0.14114543238177921     
   5.0644229649782702       -2.4907359857826239       0.14114566990028676     
   5.0644231522317016       -2.4907359461375784       0.14114590741881414     
   5.0644233394851330       -2.4907359064924579       0.14114614493736471     
   5.0644235267385644       -2.4907358668472730       0.14114638245593408     
   5.0644237139919959       -2.4907358272020192       0.14114661997452219     
   5.0644239012454273       -2.4907357875567064       0.14114685749313047     
   5.0644240884988587       -2.4907357479113172       0.14114709501176201     
   5.0644242757522901       -2.4907357082658739       0.14114733253040634     
   5.0644244630057216       -2.4907356686203550       0.14114757004907627     
   5.0644246502591530       -2.4907356289747660       0.14114780756776737     
   5.0644248375125844       -2.4907355893291223       0.14114804508646955     
   5.0644250247660159       -2.4907355496834027       0.14114828260520240     
   5.0644252120194473       -2.4907355100376187       0.14114852012394818     
   5.0644253992728787       -2.4907354703917632       0.14114875764271784     
   5.0644255865263101       -2.4907354307458549       0.14114899516150101     
   5.0644257737797416       -2.4907353910998729       0.14114923268031077     
   5.0644259610331730       -2.4907353514538166       0.14114947019913979     
   5.0644261482866044       -2.4907353118076982       0.14114970771798779     
   5.0644263355400359       -2.4907352721615243       0.14114994523685059     
   5.0644265227934673       -2.4907352325152670       0.14115018275574318     
   5.0644267100468987       -2.4907351928689487       0.14115042027464975     
   5.0644268973003301       -2.4907351532225634       0.14115065779357744     
   5.0644270845537616       -2.4907351135761138       0.14115089531252462     
   5.0644272718071930       -2.4907350739295975       0.14115113283148958     
   5.0644274590606244       -2.4907350342830155       0.14115137035047864     
   5.0644276463140558       -2.4907349946363637       0.14115160786948386     
   5.0644278335674873       -2.4907349549896445       0.14115184538851169     
   5.0644280208209187       -2.4907349153428613       0.14115208290755885     
   5.0644282080743501       -2.4907348756960044       0.14115232042662884     
   5.0644283953277816       -2.4907348360490933       0.14115255794571208     
   5.0644285825812130       -2.4907347964021049       0.14115279546482173     
   5.0644287698346444       -2.4907347567550602       0.14115303298394433     
   5.0644289570880758       -2.4907347171079386       0.14115327050309293     
   5.0644291443415073       -2.4907346774607557       0.14115350802225829     
   5.0644293315949387       -2.4907346378135045       0.14115374554144669     
   5.0644295188483701       -2.4907345981661844       0.14115398306065211     
   5.0644297061018015       -2.4907345585187950       0.14115422057988103     
   5.0644298933552330       -2.4907345188713448       0.14115445809912627     
   5.0644300806086644       -2.4907344792238222       0.14115469561839472     
   5.0644302678620958       -2.4907344395762392       0.14115493313767957     
   5.0644304551155273       -2.4907343999285891       0.14115517065698496     
   5.0644306423689587       -2.4907343602808663       0.14115540817631256     
   5.0644308296223901       -2.4907343206330816       0.14115564569565908     
   5.0644310168758215       -2.4907342809852295       0.14115588321502498     
   5.0644312041292530       -2.4907342413373161       0.14115612073440925     
   5.0644313913826844       -2.4907342016893286       0.14115635825381642     
   5.0644315786361158       -2.4907341620412780       0.14115659577324033     
   5.0644317658895472       -2.4907341223931598       0.14115683329268644     
   5.0644319531429787       -2.4907340827449724       0.14115707081215395     
   5.0644321403964101       -2.4907340430967277       0.14115730833163484     
   5.0644323276498415       -2.4907340034484045       0.14115754585114187     
   5.0644325149032730       -2.4907339638000248       0.14115778337066556     
   5.0644327021567044       -2.4907339241515634       0.14115802089021481     
   5.0644328894101358       -2.4907338845030464       0.14115825840977894     
   5.0644330766635672       -2.4907338448544638       0.14115849592936247     
   5.0644332639169987       -2.4907338052058106       0.14115873344896904     
   5.0644334511704301       -2.4907337655570947       0.14115897096859320     
   5.0644336384238615       -2.4907337259083024       0.14115920848824098     
   5.0644338256772929       -2.4907336862594471       0.14115944600790661     
   5.0644340129307244       -2.4907336466105341       0.14115968352758840     
   5.0644342001841558       -2.4907336069615451       0.14115992104729461     
   5.0644343874375872       -2.4907335673124869       0.14116015856702238     
   5.0644345746910187       -2.4907335276633766       0.14116039608676118     
   5.0644347619444501       -2.4907334880141927       0.14116063360652645     
   5.0644349491978815       -2.4907334483649333       0.14116087112631454     
   5.0644351364513129       -2.4907334087156126       0.14116110864611914     
   5.0644353237047444       -2.4907333690662252       0.14116134616594350     
   5.0644355109581758       -2.4907333294167771       0.14116158368578666     
   5.0644356982116072       -2.4907332897672574       0.14116182120565043     
   5.0644358854650386       -2.4907332501176671       0.14116205872553522     
   5.0644360727184701       -2.4907332104680191       0.14116229624543813     
   5.0644362599719015       -2.4907331708182956       0.14116253376536467     
   5.0644364472253329       -2.4907331311685104       0.14116277128530649     
   5.0644366344787644       -2.4907330915186598       0.14116300880527172     
   5.0644368217321958       -2.4907330518687445       0.14116324632525457     
   5.0644370089856272       -2.4907330122187492       0.14116348384526037     
   5.0644371962390586       -2.4907329725686966       0.14116372136528346     
   5.0644373834924901       -2.4907329329185735       0.14116395888532784     
   5.0644375707459215       -2.4907328932683890       0.14116419640539102     
   5.0644377579993529       -2.4907328536181423       0.14116443392547312     
   5.0644379452527843       -2.4907328139678198       0.14116467144557765     
   5.0644381325062158       -2.4907327743174270       0.14116490896570158     
   5.0644383197596472       -2.4907327346669770       0.14116514648584444     
   5.0644385070130786       -2.4907326950164581       0.14116538400600714     
   5.0644386942665101       -2.4907326553658686       0.14116562152619377     
   5.0644388815199415       -2.4907326157152152       0.14116585904639423     
   5.0644390687733729       -2.4907325760644925       0.14116609656661866     
   5.0644392560268043       -2.4907325364137023       0.14116633408686338     
   5.0644394432802358       -2.4907324967628512       0.14116657160712651     
   5.0644396305336672       -2.4907324571119247       0.14116680912740998     
   5.0644398177870986       -2.4907324174609462       0.14116704664771054     
   5.0644400050405300       -2.4907323778098851       0.14116728416803459     
   5.0644401922939615       -2.4907323381587623       0.14116752168838009     
   5.0644403795473929       -2.4907322985075830       0.14116775920873889     
   5.0644405668008243       -2.4907322588563230       0.14116799672912278     
   5.0644407540542558       -2.4907322192050043       0.14116823424952532     
   5.0644409413076872       -2.4907321795536168       0.14116847176994687     
   5.0644411285611186       -2.4907321399021667       0.14116870929038827     
   5.0644413158145500       -2.4907321002506424       0.14116894681085213     
   5.0644415030679815       -2.4907320605990551       0.14116918433133455     
   5.0644416903214129       -2.4907320209474020       0.14116942185183659     
   5.0644418775748443       -2.4907319812956779       0.14116965937235851     
   5.0644420648282757       -2.4907319416438907       0.14116989689289994     
   5.0644422520817072       -2.4907319019920422       0.14117013441346218     
   5.0644424393351386       -2.4907318623401151       0.14117037193404475     
   5.0644426265885700       -2.4907318226881268       0.14117060945464710     
   5.0644428138420015       -2.4907317830360682       0.14117084697527102     
   5.0644430010954329       -2.4907317433839475       0.14117108449591176     
   5.0644431883488643       -2.4907317037317585       0.14117132201657462     
   5.0644433756022957       -2.4907316640795059       0.14117155953725516     
   5.0644435628557272       -2.4907316244271804       0.14117179705795882     
   5.0644437501091586       -2.4907315847747893       0.14117203457868113     
   5.0644439373625900       -2.4907315451223413       0.14117227209941852     
   5.0644441246160214       -2.4907315054698151       0.14117250962018368     
   5.0644443118694529       -2.4907314658172339       0.14117274714096106     
