   1.2566370608718848E-002  0.25515317815401689        2.3704838643504877     
   1.2566370608606050E-002 -0.55328088377621298        2.4012941245960087     
   1.2566370608493251E-002  0.89570751121931469        2.0979542751162770     
   1.2566370608380452E-002  -2.1824419371424186        1.6388329733039495     
   1.2566370608267654E-002 -0.31069263235294564        2.2799270151490068     
   1.2566370608154855E-002   1.0059322265519408        2.0231843550844042     
   1.2566370608042056E-002  -2.3624797749747883        1.5089767408865611     
   1.2566370607929258E-002  -2.7429308811466453        1.1875458213189403     
   1.2566370607816459E-002  0.30568081740555131       0.31967702340963278     
   1.2566370607703660E-002  -1.2850182082617147E-002   1.4323433721378338     
   1.2566370607590862E-002  -2.3716930951291491        1.4636800762384583     
   1.2566370607478063E-002   2.7536386190477122       0.59826765637871326     
   1.2566370607365264E-002  0.71992643948024415        5.2722732347555507E-002
   1.2566370607252466E-002   1.5424154596248019E-003   1.3930881503331189     
   1.2566370607139667E-002   2.5503142742242715       0.45766858711176162     
   1.2566370607026868E-002   3.0725023100730211       0.86412351144556276     
   1.2566370606914070E-002  0.15477983911657936       0.57503075318381713     
   1.2566370606801271E-002  -2.8915012212292604E-002   1.4434648969001926     
   1.2566370606688472E-002  -2.0780211191655535        1.6692921191141956     
   1.2566370606575674E-002  -5.7568995798165760E-003   2.1536958219870046     
   1.2566370606462875E-002   1.0359288451706490        2.0018161086298973     
   1.2566370606350076E-002  -2.4084654592067114        1.4750421361540207     
   1.2566370606237278E-002   2.7545087804591715       0.59890469166581073     
   1.2566370606124479E-002  0.71588807694911583        5.4527767153586724E-002
   1.2566370606011680E-002   1.4622926519967279E-003   1.3931972467787441     
   1.2566370605898882E-002   2.5535451285935755       0.45981429379407107     
   1.2566370605786083E-002   3.0041531442214540       0.81276277378340300     
   1.2566370605673284E-002  0.19021907787965203       0.52074728080417731     
   1.2566370605560486E-002  -2.5171026104087585E-002   1.4484362940615700     
   1.2566370605447687E-002  -1.8724142564638531        1.8022771112478457     
   1.2566370605334888E-002  0.30492728353878168       0.47329255134101866     
   1.2566370605222090E-002  -2.1510294971328191E-002   1.4608267123807515     
   1.2566370605109291E-002  -1.4315670710159643        2.0460931583336013     
   1.2566370604996492E-002   1.4731010147995929        1.5777062292352653     
   1.2566370604883694E-002  -2.1580206254223335        1.6564859389398323     
   1.2566370604770895E-002 -0.15230537420781967        2.2382677674848899     
   1.2566370604658096E-002  0.97399715792786534        2.0468745706867399     
   1.2566370604545298E-002  -2.3281410732755767        1.5341219326123738     
   1.2566370604432499E-002  -2.1416478024673520        1.6270397621927817     
   1.2566370604319701E-002 -0.33044294345026221        2.2829125381796556     
   1.2566370604206902E-002   1.0133975809427420        2.0175566474238904     
   1.2566370604094103E-002  -2.3700708995345319        1.5033962030192931     
   1.2566370603981305E-002  -2.8764767781130764        1.0856420130392703     
   1.2566370603868506E-002  0.17404083411876894       0.50893507429313223     
   1.2566370603755707E-002  -2.4555265179833245E-002   1.4456567424601585     
   1.2566370603642909E-002  -1.9669401747352562        1.7424359907958109     
   1.2566370603530110E-002   9.7297868225910855E-002   1.6395051930176521     
   1.2566370603417311E-002 -0.71495830374384772        2.3930126411322172     
   1.2566370603304513E-002   1.0081570043726586        2.0197940087361164     
   1.2566370603191714E-002  -2.3452675947905930        1.5216159176318520     
   1.2566370603078915E-002  -2.4392646047515685        1.4152410640983752     
   1.2566370602966117E-002   1.8356721324011751        6.6685175783126729E-002
   1.2566370602853318E-002  -5.7515585032043584E-002   1.2788270563532009     
   1.2566370602740519E-002  0.38800746386304530       0.22386031165833048     
   1.2566370602627721E-002  -7.5379219873306976E-003   1.4136208626286841     
   1.2566370602514922E-002  -3.0474348406153888       0.95416887961745167     
   1.2566370602402123E-002  0.12726000951771424       0.61070852493666539     
   1.2566370602289325E-002  -3.1459377451631160E-002   1.4371247159747071     
   1.2566370602176526E-002  -2.3314014303194539        1.4927864014888379     
   1.2566370602063727E-002  -2.8645724858921913        1.0947208685501002     
   1.2566370601950929E-002  0.18131078573957371       0.49610549482089822     
   1.2566370601838130E-002  -2.3711455200052859E-002   1.4458733793686322     
   1.2566370601725331E-002  -1.9530295796661759        1.7513864271132651     
   1.2566370601612533E-002   8.6002923018246608E-002   1.5320428018378127     
   1.2566370601499734E-002  0.10192473027464259        1.9590463180587674     
   1.2566370601386935E-002   1.2910288591672343        1.7618204649402884     
   1.2566370601274137E-002  -2.2675349829464273        1.5783692557532853     
   1.2566370601161338E-002  -1.1913013227448410        2.1506466938996573     
   1.2566370601048539E-002   1.3935027231941384        1.6283652987729085     
   1.2566370600935741E-002  -1.8386137016214708        1.8699661666339491     
   1.2566370600822942E-002 -0.89717535378622992        2.3431605260976323     
   1.2566370600710143E-002   1.1597511212565790        1.8921206290036787     
   1.2566370600597345E-002  -2.3894889893382874        1.4891858929464430     
   1.2566370600484546E-002   3.0719512397098141       0.83113493594577803     
   1.2566370600371747E-002  0.16073246391297749       0.56649218380491750     
   1.2566370600258949E-002  -2.8315411132313648E-002   1.4445902868077007     
   1.2566370600146150E-002  -2.0327429084294133        1.6994557388566591     
   1.2566370600033351E-002   9.5998004294314154E-002   1.9957924242765381     
   1.2566370599920553E-002   1.2446122916200320        1.8132131271855327     
   1.2566370599807754E-002  -2.3659051751999742        1.5066432753532617     
   1.2566370599694955E-002  -2.8001491702209056        1.1439440717618328     
   1.2566370599582157E-002  0.23408154944805740       0.41287497295744174     
   1.2566370599469358E-002  -1.8415910340660556E-002   1.4430528957649549     
   1.2566370599356559E-002  -2.0158297053751868        1.7105996142986006     
   1.2566370599243761E-002  0.11009605805087878        1.9219734910850166     
   1.2566370599130962E-002   1.3314207689621689        1.7146096906217914     
   1.2566370599018164E-002  -2.1581270256561251        1.6563040784903489     
   1.2566370598905365E-002 -0.15353186379594272        2.2387358821383407     
   1.2566370598792566E-002  0.97397688579568953        2.0468842723045166     
   1.2566370598679768E-002  -2.3280601677905919        1.5341810225687031     
   1.2566370598566969E-002  -2.1402587444038290        1.6279909494487141     
   1.2566370598454170E-002 -0.32061522034568957        2.2814518795701839     
   1.2566370598341372E-002   1.0096759813931033        2.0203696350474187     
   1.2566370598228573E-002  -2.3663441130687906        1.5061368446220924     
   1.2566370598115774E-002  -2.8109949804240846        1.1356668998162529     
   1.2566370598002976E-002  0.22341390692669510       0.42850982176540608     
   1.2566370597890177E-002  -1.9386719047903685E-002   1.4441089689915678     
   1.2566370597777378E-002  -1.9847963940402564        1.7308748488821983     
   1.2566370597664580E-002  0.10905576135232781        1.7573334957259945     
   1.2566370597551781E-002   1.4724365682492555        1.6132776701196150     
   1.2566370597438982E-002  -2.5734483844335618        1.3515521502299526     
   1.2566370597326184E-002  0.95971601527309591       -6.0514804318983630E-002
   1.2566370597213385E-002   5.7623072167800864E-003   1.3884229775047798     
   1.2566370597100586E-002   2.4195066981799238       0.37306783357761636     
   1.2566370596987788E-002 -0.39006164677947919        2.4228213854136276     
   1.2566370596874989E-002  0.69197221630426298        2.2126752738232902     
   1.2566370596762190E-002  -1.7256689477837688        1.9389681189898578     
   1.2566370596649392E-002   1.3209398724137364        1.8654730380990623     
   1.2566370596536593E-002   2.5857550628626229       0.51252388891749745     
   1.2566370596423794E-002   2.1071238824986338       0.22477836979903934     
   1.2566370596310996E-002   1.4370303388789989        1.7147039183696233     
   1.2566370596198197E-002   2.9641675508139413       0.78203549358153157     
   1.2566370596085398E-002  0.22134265756150059       0.47548545907796014     
   1.2566370595972600E-002  -2.2149336610944367E-002   1.4496620763230146     
   1.2566370595859801E-002  -1.8077435811020184        1.8418315669076240     
   1.2566370595747002E-002   3.0517990666275887       0.86379087054790449     
   1.2566370595634204E-002  0.16067577330377186       0.56560925508986337     
   1.2566370595521405E-002  -2.8257815396881138E-002   1.4446064803149223     
   1.2566370595408606E-002  -2.0317379524455550        1.7001198921335856     
   1.2566370595295808E-002   9.7168309653745635E-002   1.9916621001084767     
   1.2566370595183009E-002   1.2498303344334190        1.8076216149352031     
   1.2566370595070210E-002  -2.3566828147701733        1.5134278717416871     
   1.2566370594957412E-002  -2.6373281922963954        1.2675928227090516     
   1.2566370594844613E-002  0.53879907468947053       0.10973128073400391     
   1.2566370594731814E-002  -1.4023190791725287E-003   1.3887699968955831     
   1.2566370594619016E-002   2.3849584052518633       0.35151592411856264     
   1.2566370594506217E-002  0.12924860079224093        2.3999624622075788     
   1.2566370594393418E-002 -0.26882115940183571        2.4265984589197496     
   1.2566370594280620E-002  0.52525986511784717        2.2858748124609991     
   1.2566370594167821E-002  -1.2794786864840757        2.1757478355506383     
   1.2566370594055023E-002   1.3841826640859121        1.6376990987230442     
   1.2566370593942224E-002  -1.8431876811969055        1.8670702997418227     
   1.2566370593829425E-002  -1.1869165333914216        2.2358370635638458     
   1.2566370593716627E-002   1.3291051151966209        1.7052545746483700     
   1.2566370593603828E-002  -2.0220575332735859        1.7500401726665940     
   1.2566370593491029E-002   9.9540256362470103E-002   1.6595816003652444     
   1.2566370593378231E-002  0.73430939159254038        2.2504905391031764     
   1.2566370593265432E-002  -2.4802524163338768        1.4212678650437731     
   1.2566370593152633E-002   1.7535378762361482        3.4999348365779406E-002
   1.2566370593039835E-002  -4.7237507691612425E-002   1.4955513804114444     
   1.2566370592927036E-002 -0.65641146227808678        2.2842554485409190     
   1.2566370592814237E-002   1.1702887068559791        1.8836493045373415     
   1.2566370592701439E-002  -2.4004714264074067        1.4810703485705334     
   1.2566370592588640E-002   2.8872279169046702       0.69429159723648848     
   1.2566370592475841E-002  0.33596081984670073       0.33311069814190752     
   1.2566370592363043E-002  -1.3290355724915229E-002   1.4398932761222549     
   1.2566370592250244E-002  -2.0928399448812667        1.6593165451521794     
   1.2566370592137445E-002  -6.1872709651567340E-002   2.1943362589049769     
   1.2566370592024647E-002  0.99511929599062210        2.0320901429776983     
   1.2566370591911848E-002  -2.3604268911184696        1.5104775825454408     
   1.2566370591799049E-002  -2.7068471370424674        1.2149701947263882     
   1.2566370591686251E-002  0.36744237389159873       0.25227217466002683     
   1.2566370591573452E-002  -9.0357199602804743E-003   1.4205542813421215     
   1.2566370591460653E-002  -2.7934886940473884        1.1481246938361260     
   1.2566370591347855E-002  0.24023045951176539       0.40408896936752803     
   1.2566370591235056E-002  -1.7875248243353764E-002   1.4423590756902573     
   1.2566370591122257E-002  -2.0370296119698601        1.6966174754477390     
   1.2566370591009459E-002   9.0507597596720862E-002   2.0130855612081846     
   1.2566370590896660E-002   1.2223481215339844        1.8365359288516443     
   1.2566370590783861E-002  -2.4000158310158279        1.4814480413134663     
   1.2566370590671063E-002   2.8954296738026399       0.70027690613181159     
   1.2566370590558264E-002  0.32251129985788668       0.34801270508223808     
   1.2566370590445465E-002  -1.4172170835967914E-002   1.4417380412889282     
   1.2566370590332667E-002  -2.0319583520533699        1.6999707695379269     
   1.2566370590219868E-002   9.6910624485499780E-002   1.9925874972633575     
   1.2566370590107069E-002   1.2486647265914685        1.8088747803685112     
   1.2566370589994271E-002  -2.3587835519537652        1.5118834702041182     
   1.2566370589881472E-002  -2.6744468929164951        1.2395344779824473     
   1.2566370589768673E-002  0.43732904252304639       0.18719765511713979     
   1.2566370589655875E-002  -5.4870529572487274E-003   1.4067501233120796     
   1.2566370589543076E-002   2.9922972146938358       0.77068442705858586     
   1.2566370589430277E-002  0.21054657912636029       0.49122580474379857     
   1.2566370589317479E-002  -2.3187369909021101E-002   1.4495442034967543     
   1.2566370589204680E-002  -1.8192873636119888        1.8348573399118726     
   1.2566370589091881E-002   2.1912536071558102       0.28825400666429496     
   1.2566370588979083E-002   1.2947503460314418        1.7697831436317129     
   1.2566370588866284E-002  -2.4016573172877509        1.4802883984734365     
   1.2566370588753486E-002   2.8690891003768648       0.68108943555444446     
   1.2566370588640687E-002  0.36863316526814943       0.29871914583290932     
   1.2566370588527888E-002  -1.1292797473481303E-002   1.4350373927063773     
   1.2566370588415090E-002  -2.2580885444739520        1.5450704072151225     
   1.2566370588302291E-002  -1.6497979223831147        1.9341971246923153     
   1.2566370588189492E-002   1.3444979578633738        1.8415459507430179     
   1.2566370588076694E-002   2.5983201781818774       0.52102931855824841     
   1.2566370587963895E-002   1.9184702737881056       0.13369009264469903     
   1.2566370587851096E-002  0.33425285241337310       0.27522334095516260     
   1.2566370587738298E-002  -1.0411228509003508E-002   1.4234336181242133     
   1.2566370587625499E-002  -2.6934390923481524        1.2242480480410958     
   1.2566370587512700E-002  0.39290206790137433       0.22730961887359991     
   1.2566370587399902E-002  -7.6606175672187006E-003   1.4154928972589997     
   1.2566370587287103E-002  -2.9769952800457573        1.0079012084097003     
   1.2566370587174304E-002  0.13512151246761148       0.58747625356126643     
   1.2566370587061506E-002  -2.9860850271730341E-002   1.4400723010708121     
   1.2566370586948707E-002  -2.2097361186353939        1.5790512275434325     
   1.2566370586835908E-002 -0.98805441038116304        2.2188570143632069     
   1.2566370586723110E-002   1.3176113853701532        1.7213060240365494     
   1.2566370586610311E-002  -2.0836882386660682        1.7080400769516089     
   1.2566370586497512E-002   9.4033629793254803E-002   2.0026403368026937     
   1.2566370586384714E-002   1.2358162663256054        1.8225314498588903     
   1.2566370586271915E-002  -2.3803993494665852        1.4959566493009766     
   1.2566370586159116E-002  -3.0538922367015773       0.95017626835945768     
   1.2566370586046318E-002  0.12727758058891933       0.61136930943481871     
   1.2566370585933519E-002  -3.1503808211158855E-002   1.4370618692467705     
   1.2566370585820720E-002  -2.3340844491223449        1.4908562256599875     
   1.2566370585707922E-002  -2.9102278910253783        1.0598202977699658     
   1.2566370585595123E-002  0.15681428038477929       0.54117174315889027     
   1.2566370585482324E-002  -2.6705780902692974E-002   1.4442713917869656     
   1.2566370585369526E-002  -2.0325961095826628        1.6995523728394577     
   1.2566370585256727E-002   9.6171122771221446E-002   1.9951929085109592     
   1.2566370585143928E-002   1.2453721671583025        1.8124018298509252     
   1.2566370585031130E-002  -2.3645913212548351        1.5076105586154009     
   1.2566370584918331E-002  -2.7769859940329398        1.1616094048466210     
   1.2566370584805532E-002  0.25973974588446180       0.37729046591410564     
   1.2566370584692734E-002  -1.6247130549315713E-002   1.4398199606626882     
   1.2566370584579935E-002  -2.1178621182464696        1.6423715921964022     
   1.2566370584467136E-002 -0.18498849813324067        2.2497679133802682     
   1.2566370584354338E-002  0.97541751763160689        2.0457469853921255     
   1.2566370584241539E-002  -2.3287458270903496        1.5336812229695163     
   1.2566370584128740E-002  -2.1520205980533325        1.6199243066539177     
   1.2566370584015942E-002 -0.40788957934182696        2.2911809930611398     
   1.2566370583903143E-002   1.0461796405649983        1.9921481587703800     
   1.2566370583790345E-002  -2.3980813190055943        1.4827424242027740     
   1.2566370583677546E-002   2.9254803941377099       0.72228682393880161     
   1.2566370583564747E-002  0.27933615059286437       0.39901057251571020     
   1.2566370583451949E-002  -1.7268229166864917E-002   1.4467140049853657     
   1.2566370583339150E-002  -1.8760575359622405        1.8000123249307538     
   1.2566370583226351E-002  0.26372204066019317       0.53921573263185651     
   1.2566370583113553E-002  -2.5986042520506202E-002   1.4588292149341884     
   1.2566370583000754E-002  -1.5254118296394443        1.9996214276689692     
   1.2566370582887955E-002   1.4847781332109287        1.6175954740418224     
   1.2566370582775157E-002  -2.7670786708778938        1.2034742809930459     
   1.2566370582662358E-002  0.31300591537051481       0.31132183940360653     
   1.2566370582549559E-002  -1.2367076866914607E-002   1.4310707583668922     
   1.2566370582436761E-002  -2.4162712971368201        1.4312066667193788     
   1.2566370582323962E-002   2.1089927499868213       0.19439926084749132     
   1.2566370582211163E-002   1.1757205936590702        1.9877962367735083     
   1.2566370582098365E-002   2.7099688114056479       0.59782129441018916     
   1.2566370581985566E-002  0.86459004142009321        3.4030910821469199E-004
   1.2566370581872767E-002   3.5457085487679511E-003   1.3979319376402191     
   1.2566370581759969E-002   2.7348418765102611       0.58401372544322405     
   1.2566370581647170E-002  0.81598457362076793        1.5400301410166451E-002
   1.2566370581534371E-002   3.0565409246107750E-003   1.3943414364287288     
   1.2566370581421573E-002   2.6041604946839936       0.49375618167195340     
   1.2566370581308774E-002   2.0760259765215237       0.20875928459051946     
   1.2566370581195975E-002   2.8414863005415392E-002   2.4442930777708693     
   1.2566370581083177E-002 -0.22684949105309204        2.4269860443095981     
   1.2566370580970378E-002  0.45912037181520998        2.3103295720751524     
   1.2566370580857579E-002  -1.0975209206374832        2.2524028536545320     
   1.2566370580744781E-002   1.3029713887701233        1.7377861195328133     
   1.2566370580631982E-002  -2.1161133367521798        1.6856217883221400     
   1.2566370580519183E-002   2.4621328749289840E-002   2.1242870917270373     
   1.2566370580406385E-002   1.0721542848523138        1.9733541320715557     
   1.2566370580293586E-002  -2.4385171355051800        1.4527346101510683     
   1.2566370580180787E-002   2.2948214566040956       0.29814417181999542     
   1.2566370580067989E-002  0.96407592841084444        2.0611701768473760     
   1.2566370579955190E-002  -2.3966075368805608        1.4837679502370600     
   1.2566370579842391E-002   2.9491015317094722       0.73967220978772041     
   1.2566370579729593E-002  0.25118008974813477       0.43504725982672798     
   1.2566370579616794E-002  -1.9531712116092108E-002   1.4488440803954856     
   1.2566370579503995E-002  -1.8175068338279312        1.8359346367645646     
   1.2566370579391197E-002   2.3148660770698348       0.35874992455676524     
   1.2566370579278398E-002  0.60103759335630558        2.2599983663829595     
   1.2566370579165599E-002  -1.5408521594856619        2.0448188679147865     
   1.2566370579052801E-002   1.4791621325398516        1.5806218125058125     
   1.2566370578940002E-002  -2.2645471680846776        1.5806662611506879     
   1.2566370578827203E-002  -1.1489374630380098        2.1664145031901163     
   1.2566370578714405E-002   1.3783724239427142        1.6460750008805838     
   1.2566370578601606E-002  -1.8762413621348890        1.8460315098220850     
   1.2566370578488808E-002   2.4477825459227089       0.44019585828081137     
   1.2566370578376009E-002  -1.4773399711212887        2.0802333440796774     
   1.2566370578263210E-002   1.4593644860201938        1.5746490604197370     
   1.2566370578150412E-002  -1.9601218677138026        1.7915029736061610     
   1.2566370578037613E-002   9.8044992902761266E-002  0.99900916990192412     
   1.2566370577924814E-002  -4.5786914147637005E-002   1.1727041546452623     
   1.2566370577812016E-002   4.9720633027563341E-002  0.74019926041403872     
   1.2566370577699217E-002  -4.0554237562832954E-002   1.3972463772339694     
   1.2566370577586418E-002   2.4276940280336166       0.37823883798023777     
   1.2566370577473620E-002 -0.53252365190438711        2.4066029634915287     
   1.2566370577360821E-002  0.86746711309791524        2.1157237324917344     
   1.2566370577248022E-002  -2.1288219567957869        1.6764421151932423     
   1.2566370577135224E-002  -1.9549977163388511E-002   2.1651661908703588     
   1.2566370577022425E-002   1.0229184120785200        2.0116717143853089     
   1.2566370576909626E-002  -2.3947516781347873        1.4851876265871049     
   1.2566370576796828E-002   2.9810269900478472       0.76328057960493956     
   1.2566370576684029E-002  0.21972284843425335       0.47809158357445708     
   1.2566370576571230E-002  -2.2318992147478522E-002   1.4496873110698487     
   1.2566370576458432E-002  -1.8080777020068157        1.8416302779901104     
   1.2566370576345633E-002   3.0253706192537764       0.84397496532743688     
   1.2566370576232834E-002  0.17338529149418166       0.54605289914345334     
   1.2566370576120036E-002  -2.6902165035509427E-002   1.4466124010843653     
   1.2566370576007237E-002  -1.9496915778148056        1.7535278040527322     
   1.2566370575894438E-002   8.3392791568847741E-002   1.5038380198575525     
   1.2566370575781640E-002  -5.3007894009176430E-002   2.1856400559617462     
   1.2566370575668841E-002   1.0071286389756140        2.0233289640544396     
   1.2566370575556042E-002  -2.3755559102802324        1.4993498846244071     
   1.2566370575443244E-002  -2.9725971923028225        1.0121761374097358     
   1.2566370575330445E-002  0.13629227532184579       0.58471834320564919     
   1.2566370575217646E-002  -2.9671105519599523E-002   1.4403975516669054     
   1.2566370575104848E-002  -2.1962946060689070        1.5884194644901319     
   1.2566370574992049E-002 -0.83324787646578469        2.2574477396239452     
   1.2566370574879250E-002   1.2520975326947117        1.7985413150032619     
   1.2566370574766452E-002  -2.2749934336491560        1.5729551935531263     
   1.2566370574653653E-002  -1.2955212082437648        2.1085957472531431     
   1.2566370574540854E-002   1.4297515590712002        1.5922807361723197     
   1.2566370574428056E-002  -1.8262981051838176        1.8777449255091301     
   1.2566370574315257E-002 -0.26021088612353982        2.4548375276498575     
   1.2566370574202458E-002  0.39516029975966188        2.3314847497338413     
   1.2566370574089660E-002 -0.92141718302312037        2.3142694610054502     
   1.2566370573976861E-002   1.2044477763585222        1.8482652615961217     
   1.2566370573864062E-002  -2.3471716167855918        1.5203734920419290     
   1.2566370573751264E-002  -2.4701304584047548        1.3925089004127609     
   1.2566370573638465E-002   1.5081671364635161       -3.8546135388483893E-002
   1.2566370573525667E-002  -9.9054391023458109E-003   1.5759995432822707     
   1.2566370573412868E-002  0.10688315337002678        1.7534871358933732     
   1.2566370573300069E-002   1.4733301895623470        1.6184320038652635     
   1.2566370573187271E-002  -2.6443831958247426        1.2975573344921694     
   1.2566370573074472E-002  0.61816824838281392        6.0891328614995299E-002
   1.2566370572961673E-002   1.0815028678055824E-003   1.3781846554254387     
   1.2566370572848875E-002   2.0657692666907543       0.17086252358237375     
   1.2566370572736076E-002   7.1902391945396382E-002   1.2631421477565981     
   1.2566370572623277E-002  0.40769283071770834       0.20565020733211647     
   1.2566370572510479E-002  -6.5452915771221174E-003   1.4096826331573686     
   1.2566370572397680E-002   3.0941864965763375       0.84690703780005117     
   1.2566370572284881E-002  0.15166869480294329       0.58062782747433217     
   1.2566370572172083E-002  -2.9304635721547120E-002   1.4427760647732062     
   1.2566370572059284E-002  -2.1060327268613888        1.6504026883191705     
   1.2566370571946485E-002 -0.12217392594328383        2.2257548505427502     
   1.2566370571833687E-002  0.97659626698847635        2.0451493871935531     
   1.2566370571720888E-002  -2.3330813058714575        1.5305130788810104     
   1.2566370571608089E-002  -2.2268386879858877        1.5679733836108312     
   1.2566370571495291E-002  -1.1914937028058785        2.1505469425238446     
   1.2566370571382492E-002   1.3935891058158438        1.6282679141695009     
   1.2566370571269693E-002  -1.8384449454173628        1.8700727088812767     
   1.2566370571156895E-002 -0.88707514806419352        2.3462975464341578     
   1.2566370571044096E-002   1.1523985045444072        1.8990590347993352     
   1.2566370570931297E-002  -2.3939307289102247        1.4858964628533631     
   1.2566370570818499E-002   2.9964981472742158       0.77476455450364257     
   1.2566370570705700E-002  0.20680052355607736       0.49664610633333722     
   1.2566370570592901E-002  -2.3548209625218197E-002   1.4494257811692932     
   1.2566370570480103E-002  -1.8260102613194384        1.8307781300521848     
   1.2566370570367304E-002   1.7624268009939859        9.1912685157743354E-002
   1.2566370570254505E-002  -5.6340730905084402E-002   1.3871937055323300     
   1.2566370570141707E-002   2.0335540140148556       0.15473297669152314     
   1.2566370570028908E-002 -0.14963859958234174        2.2335645069661014     
   1.2566370569916109E-002  0.98278465875182186        2.0406421912045047     
   1.2566370569803311E-002  -2.3404305531827680        1.5251397807280611     
   1.2566370569690512E-002  -2.3547575886649814        1.4768328728367599     
   1.2566370569577713E-002   3.0408959953015424       0.80784466364332386     
   1.2566370569464915E-002  0.17666807410295549       0.54178796635202819     
   1.2566370569352116E-002  -2.6605303490004013E-002   1.4470457282768034     
   1.2566370569239317E-002  -1.9320715665872803        1.7647800979915096     
   1.2566370569126519E-002   7.3700416174257766E-002   1.3368316373976501     
   1.2566370569013720E-002   1.3694403905012706       -6.6333462453628173E-002
   1.2566370568900921E-002  -8.9375237734030770E-004   1.5268878564191350     
   1.2566370568788123E-002  -4.3033568942770668E-002   2.1790431828250654     
   1.2566370568675324E-002   1.0130732950222168        2.0189598076494364     
   1.2566370568562526E-002  -2.3828900025445350        1.4939445701545739     
   1.2566370568449727E-002  -3.0998729596599341       0.91522624813909326     
   1.2566370568336928E-002  0.12995733810354515       0.61158493649175871     
   1.2566370568224130E-002  -3.1503517496739700E-002   1.4374190766843475     
   1.2566370568111331E-002  -2.3206935671244344        1.5004784692848547     
   1.2566370567998532E-002  -2.6816222595451227        1.2340797668464443     
   1.2566370567885734E-002  0.42046290294765953       0.20193791355757076     
   1.2566370567772935E-002  -6.2809035851866448E-003   1.4100389147798147     
   1.2566370567660136E-002   3.1095584037658144       0.85848873639325785     
   1.2566370567547338E-002  0.14624576445828558       0.58899390881105673     
   1.2566370567434539E-002  -2.9893742283078610E-002   1.4415457275684622     
   1.2566370567321740E-002  -2.1555199903072610        1.6166239461943221     
   1.2566370567208942E-002 -0.44361188523165590        2.2932097868311336     
   1.2566370567096143E-002   1.0628070869833035        1.9787978673867248     
   1.2566370566983344E-002  -2.4086149862267789        1.4749524787125863     
   1.2566370566870546E-002   2.7524123916733609       0.59742218011012416     
   1.2566370566757747E-002  0.72554166193678049        5.0245601548674031E-002
   1.2566370566644948E-002   1.6515846616437097E-003   1.3929571240308423     
   1.2566370566532150E-002   2.5465239093619703       0.45515456476630389     
   1.2566370566419351E-002  -3.1293288932053502       0.92583240321434634     
   1.2566370566306552E-002  0.13355742510428142       0.60558148657473487     
   1.2566370566193754E-002  -3.1078718438510729E-002   1.4384965682281587     
   1.2566370566080955E-002  -2.2772876856738713        1.5314688238643555     
   1.2566370565968156E-002  -1.9518173978468585        1.7530561213977198     
   1.2566370565855358E-002   8.4179575816644689E-002   1.5125781287601847     
   1.2566370565742559E-002   1.7820201333937712E-002   2.1271742053467113     
   1.2566370565629760E-002   1.0720695226402710        1.9733936790526485     
   1.2566370565516962E-002  -2.4381324851739077        1.4530211212666357     
   1.2566370565404163E-002   2.3003468013840291       0.30141072140179298     
   1.2566370565291364E-002  0.92917570919391412        2.0845794299494491     
   1.2566370565178566E-002  -2.3369042803270288        1.5276786206467892     
   1.2566370565065767E-002  -2.2939079045684041        1.5205273870945073     
   1.2566370564952968E-002  -2.2109258507877918        1.5790920380457076     
   1.2566370564840170E-002 -0.99118411911715132        2.2179532674204538     
   1.2566370564727371E-002   1.3188572762831587        1.7197698873215539     
   1.2566370564614572E-002  -2.0793874254417912        1.7109971236956414     
   1.2566370564501774E-002   9.9263716008986674E-002   1.9841190855542474     
   1.2566370564388975E-002   1.2592021559543423        1.7974603692485971     
   1.2566370564276176E-002  -2.3389517622127300        1.5264383594293616     
   1.2566370564163378E-002  -2.3252173402977960        1.4981181479262746     
   1.2566370564050579E-002  -2.7438186911499938        1.1868506606580098     
   1.2566370563937780E-002  0.30431826469979356       0.32128570047545052     
   1.2566370563824982E-002  -1.2943219606204492E-002   1.4325869099106086     
   1.2566370563712183E-002  -2.3631846787720421        1.4698458711277034     
   1.2566370563599384E-002   2.8891509673856937       0.69567293511656436     
   1.2566370563486586E-002  0.33275480180195033       0.33662246656949651     
   1.2566370563373787E-002  -1.3497256423352946E-002   1.4403428439335546     
   1.2566370563260989E-002  -2.0778904977432293        1.6693760149434878     
   1.2566370563148190E-002  -5.3301313695452712E-003   2.1533264509423469     
   1.2566370563035391E-002   1.0363580547633484        2.0014877617325091     
   1.2566370562922593E-002  -2.4088926638829675        1.4747257268723164     
   1.2566370562809794E-002   2.7476013460260691       0.59402297143314720     
   1.2566370562696995E-002  0.74831839825414048        4.0584146631641137E-002
   1.2566370562584197E-002   2.0677882119682182E-003   1.3926774464299732     
   1.2566370562471398E-002   2.5396730120476452       0.45061956217707505     
   1.2566370562358599E-002  -2.9793302280365945        1.0407483052887170     
   1.2566370562245801E-002  0.14309641897876113       0.57038379876064693     
   1.2566370562133002E-002  -2.8685252791452408E-002   1.4419969821059160     
   1.2566370562020203E-002  -2.1300827008691314        1.6340502092368239     
   1.2566370561907405E-002 -0.25885565682507589        2.2698818939483485     
   1.2566370561794606E-002  0.98949218353097490        2.0354006604676385     
   1.2566370561681807E-002  -2.3445321415413156        1.5221401965797903     
   1.2566370561569009E-002  -2.4265922744341748        1.4245392179527938     
   1.2566370561456210E-002   1.9881066464396118       0.13395416125243775     
   1.2566370561343411E-002   2.6549937077279839       0.52806916269606541     
   1.2566370561230613E-002   1.4254045791417480       -2.1357813857390249E-002
   1.2566370561117814E-002  -6.6820385880532671E-003   1.5601515119684286     
   1.2566370561005015E-002  0.10686645254367022        1.9281373558297312     
   1.2566370560892217E-002   1.3258990051590509        1.7211354283237106     
   1.2566370560779418E-002  -2.1736331264890403        1.6453873466834581     
   1.2566370560666619E-002 -0.24749089503782584        2.2673256680021847     
   1.2566370560553821E-002  0.98636767561743177        2.0376961135906022     
   1.2566370560441022E-002  -2.3409440263793080        1.5247665726580244     
   1.2566370560328223E-002  -2.3636969440772946        1.4703654998636033     
   1.2566370560215425E-002   2.8949881590837427       0.69993379949426693     
   1.2566370560102626E-002  0.32323219690232596       0.34720263699334786     
   1.2566370559989827E-002  -1.4123975267790403E-002   1.4416420582707816     
   1.2566370559877029E-002  -2.0350943970713149        1.6978972345888563     
   1.2566370559764230E-002   9.3082970100208592E-002   2.0053556017822003     
   1.2566370559651431E-002   1.2323805901065810        1.8261334687567568     
   1.2566370559538633E-002  -2.3856902943255966        1.4920484783270536     
   1.2566370559425834E-002   3.1378992882362367       0.88082583828779537     
   1.2566370559313035E-002  0.13809173113891626       0.60114860598740161     
   1.2566370559200237E-002  -3.0754951096745087E-002   1.4395171758029863     
   1.2566370559087438E-002  -2.2368996973712383        1.5600163302836769     
   1.2566370558974639E-002  -1.3405001604390483        2.0890420449231382     
   1.2566370558861841E-002   1.4449131162430406        1.5818209561040522     
   1.2566370558749042E-002  -1.8772617453963967        1.8454284399350827     
   1.2566370558636243E-002   2.3744077840450859       0.39455850489787836     
   1.2566370558523445E-002 -0.10622043780872360        2.4265963152165049     
   1.2566370558410646E-002  0.23428904875963158        2.3753674743996318     
   1.2566370558297848E-002 -0.50036620100574714        2.4088517036508645     
   1.2566370558185049E-002  0.83670851731471740        2.1343782546632077     
   1.2566370558072250E-002  -2.0664886504371740        1.7194622036341007     
   1.2566370557959452E-002  0.10965003092910904        1.9267203999910139     
   1.2566370557846653E-002   1.3262157953883487        1.7207817875267715     
   1.2566370557733854E-002  -2.1729856876287532        1.6458441136688102     
   1.2566370557621056E-002 -0.24324355153227561        2.2663072619454141     
   1.2566370557508257E-002  0.98531612435586535        2.0384679989509547     
   1.2566370557395458E-002  -2.3397378363454866        1.5256490508094456     
   1.2566370557282660E-002  -2.3426060091693257        1.4856049211772397     
   1.2566370557169861E-002  -3.0395622631843149       0.96106869686321394     
   1.2566370557057062E-002  0.12756245712011280       0.60911468759670395     
   1.2566370556944264E-002  -3.1350365919042736E-002   1.4373220465996204     
   1.2566370556831465E-002  -2.3232042291852673        1.4986765108990794     
   1.2566370556718666E-002  -2.7245850261855544        1.2014771032192164     
   1.2566370556605868E-002  0.33516989139608450       0.28619889631649864     
   1.2566370556493069E-002  -1.0935903135631279E-002   1.4268593279768615     
   1.2566370556380270E-002  -2.5660117401495222        1.3203114647653846     
   1.2566370556267472E-002  0.81972097306182234       -2.6255977693159377E-002
   1.2566370556154673E-002   4.9789109876547978E-003   1.3716250524387148     
   1.2566370556041874E-002   1.8967063365648831        9.1001118010384963E-002
   1.2566370555929076E-002   5.7936037799904451E-004  0.88152843638414169     
   1.2566370555816277E-002  -4.8055527622552954E-002   1.3090034009839966     
   1.2566370555703478E-002  0.63529069796489224        4.6901534049720056E-002
   1.2566370555590680E-002   1.7560903973451465E-003   1.3740369958827803     
   1.2566370555477881E-002   1.9479713017366971       0.11391580364387199     
   1.2566370555365082E-002  0.45850110127614674       0.16111044835277258     
   1.2566370555252284E-002  -4.1610864202964570E-003   1.3993000080281939     
   1.2566370555139485E-002   2.7297407043016850       0.58042722400489111     
   1.2566370555026686E-002  0.84397082197827233        6.4535015633096398E-003
   1.2566370554913888E-002   3.3593362263956619E-003   1.3961703802590906     
   1.2566370554801089E-002   2.6706735931587446       0.53924745649829120     
   1.2566370554688290E-002   1.2704304653529146       -3.9844271771884932E-002
   1.2566370554575492E-002   3.1434364927706258E-004   1.5041594460989762     
   1.2566370554462693E-002 -0.30731924595480453        2.2774296273877508     
   1.2566370554349894E-002   1.0089670497071050        2.0209509155875720     
   1.2566370554237096E-002  -2.3661560506833412        1.5062746815231627     
   1.2566370554124297E-002  -2.8076929754774977        1.1381871935448351     
   1.2566370554011498E-002  0.22657631884069990       0.42381954216566919     
   1.2566370553898700E-002  -1.9094325519386970E-002   1.4438163549665231     
   1.2566370553785901E-002  -1.9932055605804457        1.7254037450508102     
   1.2566370553673102E-002  0.11225953219462387        1.8063657415306653     
   1.2566370553560304E-002   1.4422319168514208        1.6022788486711412     
   1.2566370553447505E-002  -2.0892314045486979        1.7043189888735832     
   1.2566370553334706E-002   8.6153333365985435E-002   2.0251905409462774     
   1.2566370553221908E-002   1.2063334464778983        1.8527826656683821     
   1.2566370553109109E-002  -2.4194143751770478        1.4670503887289938     
   1.2566370552996311E-002   2.5824806346638924       0.48020012611539398     
   1.2566370552883512E-002   2.4288380576883601       0.41121147660657831     
   1.2566370552770713E-002 -0.88470739715945013        2.3274051714318227     
   1.2566370552657915E-002   1.1780673507198034        1.8747038550547883     
   1.2566370552545116E-002  -2.3777298712597479        1.4978810247847683     
   1.2566370552432317E-002  -3.0082522258178588       0.98495829527557588     
   1.2566370552319519E-002  0.13008822574180859       0.60054963023185737     
   1.2566370552206720E-002  -3.0761278602502006E-002   1.4384368017977787     
   1.2566370552093921E-002  -2.2771882431797112        1.5315393854241715     
   1.2566370551981123E-002  -1.9502088438523353        1.7540876708279312     
   1.2566370551868324E-002   8.2947986146372124E-002   1.4987681221845977     
   1.2566370551755525E-002 -0.10446136460903296        2.2147824504635354     
   1.2566370551642727E-002  0.98645387983548349        2.0381857310266627     
   1.2566370551529928E-002  -2.3473062052217406        1.5201041074348245     
   1.2566370551417129E-002  -2.4754253241360837        1.3885975554665835     
   1.2566370551304331E-002   1.4579716457160932       -4.9304471464236395E-002
   1.2566370551191532E-002  -5.9397387112713525E-003   1.5611151975031350     
   1.2566370551078733E-002  0.10818040968755060        1.9163767972988837     
   1.2566370550965935E-002   1.3385659669409564        1.7061007182337149     
   1.2566370550853136E-002  -2.1374404419944164        1.6707978296145312     
   1.2566370550740337E-002  -5.2408440177386259E-002   2.1885041284576405     
   1.2566370550627539E-002  0.99989906028050290        2.0286433250853793     
   1.2566370550514740E-002  -2.3668349185396411        1.5057678887655053     
   1.2566370550401941E-002  -2.8197669007070965        1.1289702807452491     
   1.2566370550289143E-002  0.21536159149286441       0.44067296764732522     
   1.2566370550176344E-002  -2.0149631961538489E-002   1.4447691260150557     
   1.2566370550063545E-002  -1.9666289113674651        1.7426356979154918     
   1.2566370549950747E-002   9.7053785680238411E-002   1.6372736738238205     
   1.2566370549837948E-002  -1.0049375484177521        2.3069341116556181     
   1.2566370549725149E-002   1.2316219333058964        1.8193585912390184     
   1.2566370549612351E-002  -2.2986760965670201        1.5557851255565787     
   1.2566370549499552E-002  -1.6510982239120218        1.9334989892728136     
   1.2566370549386753E-002   1.3403227004987099        1.8458690537133973     
   1.2566370549273955E-002   2.5954230544784278       0.51906611167298722     
   1.2566370549161156E-002   1.9604164010616705       0.15261946311713548     
   1.2566370549048357E-002   2.0708172815084298       0.17300477373401171     
   1.2566370548935559E-002  0.11571691340447313       0.90868106720180941     
   1.2566370548822760E-002  -4.9557705843153624E-002   1.2936313301053932     
   1.2566370548709961E-002  0.49795509045209002       0.13268519961650851     
   1.2566370548597163E-002  -2.6418412080836829E-003   1.3929156561766491     
   1.2566370548484364E-002   2.5165334591459319       0.43539088393885500     
   1.2566370548371565E-002  -2.4515038005566878        1.4441242291525263     
   1.2566370548258767E-002   2.1276246362666607       0.20425809804675471     
   1.2566370548145968E-002   1.4424557612222317        1.7045176095528505     
   1.2566370548033170E-002   3.0152334815671145       0.82014673949990669     
   1.2566370547920371E-002  0.18340113826269266       0.53103607705744482     
   1.2566370547807572E-002  -2.5870995629176163E-002   1.4478078650966961     
   1.2566370547694774E-002  -1.8996772416441681        1.7852580737644959     
   1.2566370547581975E-002  0.11182648114114074       0.93021983949012632     
   1.2566370547469176E-002  -4.9669531773805793E-002   1.2696674141256532     
   1.2566370547356378E-002  0.33972625541727902       0.27169046166729177     
   1.2566370547243579E-002  -1.0193988447583607E-002   1.4230676211776490     
   1.2566370547130780E-002  -2.7058261832514825        1.2148495819432068     
   1.2566370547017982E-002  0.36793771200826486       0.25176776596814815     
   1.2566370546905183E-002  -9.0077816686269345E-003   1.4204548058316353     
   1.2566370546792384E-002  -2.7970958707373907        1.1453726748991959     
   1.2566370546679586E-002  0.23643966331460048       0.40948104131946084     
   1.2566370546566787E-002  -1.8206678188881185E-002   1.4427928018454867     
   1.2566370546453988E-002  -2.0237195964261661        1.7054082311916727     
   1.2566370546341190E-002  0.10497101068957948        1.9575924979918822     
   1.2566370546228391E-002   1.2912684861977866        1.7615674267014896     
   1.2566370546115592E-002  -2.2671888836924405        1.5786190707587859     
   1.2566370546002794E-002  -1.1865822415260934        2.1524418388811855     
   1.2566370545889995E-002   1.3918301874065089        1.6302716533646258     
   1.2566370545777196E-002  -1.8421307009109158        1.8677441728919340     
   1.2566370545664398E-002  -1.1169387372566184        2.2647500379920102     
   1.2566370545551599E-002   1.2944668304691678        1.7476901404317762     
   1.2566370545438800E-002  -2.1391583286842910        1.6695641380887924     
   1.2566370545326002E-002  -5.9949262850579554E-002   2.1932466626622023     
   1.2566370545213203E-002  0.99587217578721865        2.0315503658235690     
   1.2566370545100404E-002  -2.3614658360954288        1.5097143547772929     
   1.2566370544987606E-002  -2.7251753722059364        1.2010484962841228     
   1.2566370544874807E-002  0.33419108110853829       0.28727069672553907     
   1.2566370544762008E-002  -1.0996561474503602E-002   1.4270467537756482     
   1.2566370544649210E-002  -2.5593001121534229        1.3253338261777452     
   1.2566370544536411E-002  0.85427541600174239       -3.6542675585221895E-002
   1.2566370544423612E-002   5.3131244242281758E-003   1.3740319106434149     
   1.2566370544310814E-002   1.9670481250558058       0.12273819691488846     
   1.2566370544198015E-002   1.0810809508403443       -7.8814468266263857E-002
   1.2566370544085216E-002   5.4443437299236536E-003   1.4159726860514750     
   1.2566370543972418E-002  -2.8566909032687295        1.0998560388499030     
   1.2566370543859619E-002  0.18599358460168031       0.48803718113693062     
   1.2566370543746820E-002  -2.3184521845017233E-002   1.4459146147205482     
   1.2566370543634022E-002  -1.9477169698987844        1.7547918115522447     
   1.2566370543521223E-002   8.1916424565283794E-002   1.4866885939015968     
   1.2566370543408424E-002 -0.25996670588737603        2.2680695354579905     
   1.2566370543295626E-002  0.99446363029800655        2.0317947952611011     
   1.2566370543182827E-002  -2.3508479569306164        1.5175124113660119     
   1.2566370543070029E-002  -2.5377356019947714        1.3423314877207959     
   1.2566370542957230E-002  0.98169911318918379       -6.4253799932423888E-002
   1.2566370542844431E-002   5.7558045373330025E-003   1.3927262787097474     
   1.2566370542731633E-002   2.5663352269390960       0.46833240070957760     
   1.2566370542618834E-002   2.7434070842515399       0.62260781429184531     
   1.2566370542506035E-002  0.69300498376395703        6.5069580562607102E-002
   1.2566370542393237E-002   9.8555804053834274E-004   1.3940138095090469     
   1.2566370542280438E-002   2.5786305796032845       0.47656052116435443     
   1.2566370542167639E-002   2.5088377659398460       0.46263477441653439     
   1.2566370542054841E-002  -2.6721714829842393        1.2770852952431979     
   1.2566370541942042E-002  0.52664346355297231       0.11818189189246686     
   1.2566370541829243E-002  -1.8397721653159536E-003   1.3907519267394843     
   1.2566370541716445E-002   2.4483300008698019       0.39131432743443234     
   1.2566370541603646E-002 -0.92372954742230640        2.3153598486926747     
   1.2566370541490847E-002   1.2036305507114524        1.8490781260348983     
   1.2566370541378049E-002  -2.3480111124135874        1.5197572286587058     
   1.2566370541265250E-002  -2.4849237001583027        1.3815730218798647     
   1.2566370541152451E-002   1.3720834539445721       -6.4030564790768449E-002
   1.2566370541039653E-002  -1.1386945469708358E-003   1.5287780754235230     
   1.2566370540926854E-002  -2.7757662071220258E-002   2.1679964062515924     
   1.2566370540814055E-002   1.0241152750989151        2.0107349947759290     
   1.2566370540701257E-002  -2.3956438519956773        1.4845285991792077     
   1.2566370540588458E-002   2.9660338999736573       0.75217808072752623     
   1.2566370540475659E-002  0.23363730955811002       0.45868156002321925     
   1.2566370540362861E-002  -2.1050881229222527E-002   1.4495491281012829     
   1.2566370540250062E-002  -1.8038110970271806        1.8441984865180525     
   1.2566370540137263E-002  -2.9171644049157135        1.1035184981715085     
   1.2566370540024465E-002  0.17493500406440854       0.50809054955933219     
   1.2566370539911666E-002  -2.4496144042996448E-002   1.4457354346498033     
   1.2566370539798867E-002  -1.9636849600867636        1.7445348511727465     
   1.2566370539686069E-002   9.4697465706855291E-002   1.6157149210707151     
   1.2566370539573270E-002   1.6376000760552980        5.1415974512929834E-002
   1.2566370539460471E-002  -3.3892410693833121E-002   1.5603191133113667     
   1.2566370539347673E-002   9.4692765118900318E-002   1.9903585700289659     
   1.2566370539234874E-002   1.2531512119763513        1.8040179123201456     
   1.2566370539122075E-002  -2.3503319521209391        1.5180929707558106     
   1.2566370539009277E-002  -2.5251732085908580        1.3516930976403290     
   1.2566370538896478E-002   1.0623513876615325       -7.4107936877732872E-002
   1.2566370538783679E-002   5.4336658323324797E-003   1.4124961157594584     
   1.2566370538670881E-002  -2.9906006191171635       0.99750850169262406     
   1.2566370538558082E-002  0.13252110652813334       0.59393524234279471     
   1.2566370538445283E-002  -3.0305550534930625E-002   1.4392828779350217     
   1.2566370538332485E-002  -2.2423163895495661        1.5562042926572646     
   1.2566370538219686E-002  -1.4168577621137346        2.0540685390603093     
   1.2566370538106887E-002   1.4686887189872260        1.5761304603976727     
   1.2566370537994089E-002  -2.0871578295383113        1.7057669654477450     
   1.2566370537881290E-002   8.9361156404975051E-002   2.0166101123760352     
   1.2566370537768492E-002   1.2176704475331150        1.8413272152246911     
   1.2566370537655693E-002  -2.4061247315624525        1.4769193586849676     
   1.2566370537542894E-002   2.7947464651185823       0.62751366695003818     
   1.2566370537430096E-002  0.55845251005074925       0.14152194777810542     
   1.2566370537317297E-002  -2.7597516858372147E-003   1.4060516600906776     
   1.2566370537204498E-002   2.9863219796803890       0.76624704576367098     
   1.2566370537091700E-002  0.21553484492400538       0.48405951846944445     
   1.2566370536978901E-002  -2.2712513007840961E-002   1.4496471487396707     
   1.2566370536866102E-002  -1.8122947157908131        1.8390865654051656     
   1.2566370536753304E-002   2.6978404540715903       0.60666481817495399     
   1.2566370536640505E-002  0.88307345047325836       -4.7497519884712944E-003
   1.2566370536527706E-002   3.6841556781808983E-003   1.3998434609024466     
   1.2566370536414908E-002   2.8048789822080411       0.63376383719427665     
   1.2566370536302109E-002  0.52754388726935497       0.16279175494665493     
   1.2566370536189310E-002  -3.8590506322354022E-003   1.4101900642506895     
   1.2566370536076512E-002   3.1333687083547090       0.87646381630402748     
   1.2566370535963713E-002  0.13929459195118674       0.59943674380634548     
   1.2566370535850914E-002  -3.0633111064015638E-002   1.4398252741586921     
   1.2566370535738116E-002  -2.2245615572703357        1.5686792224224075     
   1.2566370535625317E-002  -1.1739740558271778        2.1571634509786772     
   1.2566370535512518E-002   1.3873656600085675        1.6354295946079449     
   1.2566370535399720E-002  -1.8523805733450143        1.8612505900122875     
   1.2566370535286921E-002  -1.8555988265246164        1.8756406352961126     
   1.2566370535174122E-002 -0.67285263625423453        2.4027685256314943     
   1.2566370535061324E-002  0.96623819720983972        2.0502738373703022     
   1.2566370534948525E-002  -2.2937521963343777        1.5591514341078576     
   1.2566370534835726E-002  -1.5774023536250328        1.9734950609392490     
   1.2566370534722928E-002   1.4671506998151942        1.6741111178952095     
   1.2566370534610129E-002   3.0789443964885361       0.86811585776272038     
   1.2566370534497330E-002  0.15247660562861812       0.57859322888070641     
   1.2566370534384532E-002  -2.9164832864093874E-002   1.4429869660169483     
   1.2566370534271733E-002  -2.0972964842510877        1.6563122024402150     
   1.2566370534158934E-002  -8.1111823189532431E-002   2.2054607022242827     
   1.2566370534046136E-002  0.98688843734919540        2.0379620996269998     
   1.2566370533933337E-002  -2.3488863916504408        1.5189455258835420     
   1.2566370533820538E-002  -2.5032536924277711        1.3679875127671322     
   1.2566370533707740E-002   1.2206698301875643       -7.7871729867484696E-002
   1.2566370533594941E-002   3.4240574934959293E-003   1.4667063220622329     
   1.2566370533482142E-002  -1.0947672794702046        2.1842872546968399     
   1.2566370533369344E-002   1.3594474220804902        1.6692594869526500     
   1.2566370533256545E-002  -1.9365876956212362        1.8069138475312292     
   1.2566370533143746E-002  0.22891735730803006       0.60306740051845142     
   1.2566370533030948E-002  -3.0529254591261528E-002   1.4515811839914121     
   1.2566370532918149E-002  -1.8003274424544851        1.8462942403088856     
   1.2566370532805351E-002  -2.6368843525949717        1.3188546764228304     
   1.2566370532692552E-002  0.70151996464583843        1.8941703203845205E-002
   1.2566370532579753E-002   3.1004796199305927E-003   1.3715330514789246     
   1.2566370532466955E-002   1.8842967706425948        8.5633571787752244E-002
   1.2566370532354156E-002  -2.5932942995617998E-002  0.99355107665143960     
   1.2566370532241357E-002  -4.5573672343529895E-002   1.1797790097959593     
   1.2566370532128559E-002   6.0387503764841879E-002  0.71267381924284479     
   1.2566370532015760E-002  -3.8690051249843413E-002   1.4078648000133172     
   1.2566370531902961E-002   2.8044299232359347       0.63345267182376219     
   1.2566370531790163E-002  0.52891981427774137       0.16181274158520409     
   1.2566370531677364E-002  -3.8080423620983819E-003   1.4099974917530917     
   1.2566370531564565E-002   3.1264781100143915       0.87125740048895173     
   1.2566370531451767E-002  0.14113176609686115       0.59672580687435395     
   1.2566370531338968E-002  -3.0440696973355660E-002   1.4402937087999335     
   1.2566370531226169E-002  -2.2057790100882131        1.5818128948083281     
   1.2566370531113371E-002 -0.94110966756150249        2.2318454457248227     
   1.2566370531000572E-002   1.2985563510421878        1.7445371851449967     
   1.2566370530887773E-002  -2.1469778468557821        1.6640976525009668     
   1.2566370530774975E-002  -9.5839613633299847E-002   2.2133162215481827     
   1.2566370530662176E-002  0.98195815135606657        2.0414360818349024     
   1.2566370530549377E-002  -2.3416132593271755        1.5242728960390666     
   1.2566370530436579E-002  -2.3754786329381292        1.4618237590461391     
   1.2566370530323780E-002   2.7079795320843361       0.56617441109767952     
   1.2566370530210981E-002  0.97398100209850058       -2.4695570958396789E-002
   1.2566370530098183E-002   3.9823521693614552E-003   1.4138319984556111     
   1.2566370529985384E-002  -2.9506859006211723        1.0279999323595823     
   1.2566370529872585E-002  0.14174645656110696       0.57228185926721242     
   1.2566370529759787E-002  -2.8818307766447469E-002   1.4417401639129215     
   1.2566370529646988E-002  -2.1404973817678563        1.6269314096640919     
   1.2566370529534189E-002 -0.32932751489977224        2.2827505631179283     
   1.2566370529421391E-002   1.0129716681718475        2.0178793024754671     
   1.2566370529308592E-002  -2.3696498866854845        1.5037059013180127     
   1.2566370529195793E-002  -2.8690891291430121        1.0912888744267615     
   1.2566370529082995E-002  0.17847988474240939       0.50105329527419662     
   1.2566370528970196E-002  -2.4036033099384114E-002   1.4458118038527266     
   1.2566370528857397E-002  -1.9575985297755174        1.7484520052266144     
   1.2566370528744599E-002   8.9712838035457279E-002   1.5690580691932303     
   1.2566370528631800E-002   7.4558568516200047E-002   1.3935711375199198     
   1.2566370528519001E-002  -3.1392103911427944       0.88446589725717284     
   1.2566370528406203E-002  0.13673626744330278       0.60311806780842203     
   1.2566370528293404E-002  -3.0895050184368826E-002   1.4391606498867460     
   1.2566370528180605E-002  -2.2511888691111461        1.5499491726871484     
   1.2566370528067807E-002  -1.5459932077696299        1.9899607986785570     
   1.2566370527955008E-002   1.4814423872830278        1.6349885763326859     
   1.2566370527842209E-002  -2.9283727804820359        1.0791739940607421     
   1.2566370527729411E-002  0.16196872333834067       0.53184436765533494     
   1.2566370527616612E-002  -2.6076782555735374E-002   1.4448446906632300     
   1.2566370527503814E-002  -2.0072632558145092        1.7162213201993084     
   1.2566370527391015E-002  0.11297530063239548        1.8807079818502952     
   1.2566370527278216E-002   1.3741471001721925        1.6643036105222984     
   1.2566370527165418E-002  -2.0436522977093072        1.7354527303912051     
   1.2566370527052619E-002  0.11210479292718928        1.8018756699448262     
   1.2566370526939820E-002   1.4458368167916664        1.6007637618256774     
   1.2566370526827022E-002  -2.1132184846922955        1.6877391171106311     
   1.2566370526714223E-002   3.3426567464810930E-002   2.1142230200267833     
   1.2566370526601424E-002   1.0853575994290767        1.9625897541415509     
   1.2566370526488626E-002  -2.4462778655300013        1.4469593069434608     
   1.2566370526375827E-002   2.1856115030064585       0.23569281542384002     
   1.2566370526263028E-002   1.3872905694769284        1.6652756181155890     
   1.2566370526150230E-002  -2.2046405600438472        1.6234812506624681     
   1.2566370526037431E-002 -0.48502520873192312        2.2943204968261597     
   1.2566370525924632E-002   1.0827363013566416        1.9623535362869451     
   1.2566370525811834E-002  -2.4175833698684341        1.4683136945587716     
   1.2566370525699035E-002   2.6096901485646833       0.49854925781279863     
   1.2566370525586236E-002   1.9838122305202905       0.16353524783447798     
   1.2566370525473438E-002  -1.9426962749613232        1.7576330169681502     
   1.2566370525360639E-002   7.8775449602913661E-002   1.4456418710767451     
   1.2566370525247840E-002  -1.1832077284475078        2.1526037901837665     
   1.2566370525135042E-002   1.3914111435761147        1.6307798294609066     
   1.2566370525022243E-002  -1.8433724351908012        1.8669590301799970     
   1.2566370524909444E-002  -1.1987564753006814        2.2307632976628060     
   1.2566370524796646E-002   1.3346687369041104        1.6983162550523649     
   1.2566370524683847E-002  -2.0021713846213531        1.7634192595960045     
   1.2566370524571048E-002   8.2803869437692385E-002   1.4966044459015260     
   1.2566370524458250E-002 -0.12870628339206022        2.2260223893225173     
   1.2566370524345451E-002  0.98190989893423541        2.0413464449820844     
   1.2566370524232652E-002  -2.3401426625448618        1.5253499113996987     
   1.2566370524119854E-002  -2.3497323913946393        1.4804632049059017     
   1.2566370524007055E-002   3.1241941496031544       0.87045122185247970     
   1.2566370523894256E-002  0.14168141052160405       0.59587709174595993     
   1.2566370523781458E-002  -3.0380644026375251E-002   1.4404342808343613     
   1.2566370523668659E-002  -2.2001326461490991        1.5857481516047192     
   1.2566370523555860E-002 -0.87610362849433099        2.2480001396036444     
   1.2566370523443062E-002   1.2710112457138774        1.7770493669211120     
   1.2566370523330263E-002  -2.2278677879415025        1.6068372981555734     
   1.2566370523217464E-002 -0.71079186233729441        2.2789203729658114     
   1.2566370523104666E-002   1.1948868103768131        1.8593318773033909     
   1.2566370522991867E-002  -2.3751866713008178        1.4997691279244028     
   1.2566370522879068E-002  -2.9636848561733933        1.0189841017957046     
   1.2566370522766270E-002  0.13843342305508510       0.57973990323249924     
   1.2566370522653471E-002  -2.9329208368188295E-002   1.4409580925805139     
   1.2566370522540673E-002  -2.1730630753773124        1.6045290946845312     
   1.2566370522427874E-002 -0.59670386184557089        2.2908754824899944     
   1.2566370522315075E-002   1.1385375798077970        1.9134939570218952     
   1.2566370522202277E-002  -2.4184107470765213        1.4677430200011710     
   1.2566370522089478E-002   2.5973749513468762       0.49022301803656521     
   1.2566370521976679E-002   2.1748461346673418       0.26102040405080773     
   1.2566370521863881E-002   1.3686729970189677        1.6854865539548729     
   1.2566370521751082E-002  -2.2324838840834182        1.6036105802453124     
   1.2566370521638283E-002 -0.75960370960715573        2.2713898381276794     
   1.2566370521525485E-002   1.2181950120659950        1.8353152057981359     
   1.2566370521412686E-002  -2.3418166898761954        1.5243087328287885     
   1.2566370521299887E-002  -2.3758812312335462        1.4615316120942787     
   1.2566370521187089E-002   2.7017095494896020       0.56179887923467520     
   1.2566370521074290E-002   1.0169023451865209       -3.1454357483301915E-002
   1.2566370520961491E-002   3.9128717904352833E-003   1.4229765238115752     
   1.2566370520848693E-002  -2.5983624192354222        1.2960419372106422     
   1.2566370520735894E-002  0.67388507854459068        3.1752216822683560E-002
   1.2566370520623095E-002   2.5010265949134032E-003   1.3731139690015832     
   1.2566370520510297E-002   1.9256300426072812       0.10378535169726580     
   1.2566370520397498E-002  0.14745586194012952       0.52717509438160970     
   1.2566370520284699E-002  -2.5898541338834014E-002   1.4426893888121841     
   1.2566370520171901E-002  -2.0842914938940491        1.6650778573701936     
   1.2566370520059102E-002  -2.8030550695086066E-002   2.1715524768693282     
   1.2566370519946303E-002   1.0162730959908954        2.0166309037664254     
   1.2566370519833505E-002  -2.3871552475694822        1.4907975699294791     
   1.2566370519720706E-002   3.1099991043555000       0.85976128473496127     
   1.2566370519607907E-002  0.14598579544266577       0.58936572337575310     
   1.2566370519495109E-002  -2.9920087374391949E-002   1.4414857800952019     
   1.2566370519382310E-002  -2.1579212698707346        1.6149720776428467     
   1.2566370519269511E-002 -0.46329950693644928        2.2938845012830633     
   1.2566370519156713E-002   1.0722388351413532        1.9710774606583170     
   1.2566370519043914E-002  -2.4133792352926400        1.4714261098306625     
   1.2566370518931115E-002   2.6760232504540671       0.54397797349253241     
   1.2566370518818317E-002   1.2179601283482271       -4.2250573992783223E-002
   1.2566370518705518E-002   1.6176489438480858E-003   1.4845912221987556     
   1.2566370518592719E-002 -0.66088999236181811        2.2837532982423876     
   1.2566370518479921E-002   1.1725140991467558        1.8814946726416200     
   1.2566370518367122E-002  -2.3986227340190616        1.4824406441856053     
   1.2566370518254323E-002   2.9180123206010005       0.71680553088707843     
   1.2566370518141525E-002  0.28923770555760919       0.38687259909032240     
   1.2566370518028726E-002  -1.6520104317049911E-002   1.4457283251983359     
   1.2566370517915927E-002  -1.9055911282928222        1.7815377397199059     
   1.2566370517803129E-002   9.5176226646314088E-002   1.0156010102977657     
   1.2566370517690330E-002  -4.3370209763315792E-002   1.1436958039550336     
   1.2566370517577531E-002   1.5419348193239821E-002  0.84212073637950824     
   1.2566370517464733E-002  -4.6560689239722869E-002   1.3405656621312327     
   1.2566370517351934E-002   1.0379682075816421       -7.4281171132213802E-002
   1.2566370517239136E-002   5.6974407155851742E-003   1.4043300087771722     
   1.2566370517126337E-002   2.9850427275309737       0.76529566773824365     
   1.2566370517013538E-002  0.21663071957259661       0.48249530901800947     
   1.2566370516900740E-002  -2.2609191044993156E-002   1.4496618145123816     
   1.2566370516787941E-002  -1.8110436740646587        1.8398417314524536     
   1.2566370516675142E-002   2.7936566093852684       0.67421791533808528     
   1.2566370516562344E-002  0.48791013798300897       0.19218115887504808     
   1.2566370516449545E-002  -5.4085531521959884E-003   1.4159577884753562     
   1.2566370516336746E-002  -2.9420060430544552        1.0346362197771473     
   1.2566370516223948E-002  0.14442117512525499       0.56647715524250508     
   1.2566370516111149E-002  -2.8421706942258998E-002   1.4423030858381085     
   1.2566370515998350E-002  -2.1169185614446442        1.6430159929233497     
   1.2566370515885552E-002 -0.17965032399772302        2.2480027915257139     
   1.2566370515772753E-002  0.97496840219262626        2.0460849696356469     
   1.2566370515659954E-002  -2.3283437627431951        1.5339746232128877     
   1.2566370515547156E-002  -2.1451163707398391        1.6246628601569022     
   1.2566370515434357E-002 -0.35554014524308403        2.2862061111392360     
   1.2566370515321558E-002   1.0234070383096392        2.0099210296067818     
   1.2566370515208760E-002  -2.3795702061358073        1.4964024859051077     
   1.2566370515095961E-002  -3.0422629586573930       0.95903128738521404     
   1.2566370514983162E-002  0.12746928850067932       0.60961470410218987     
   1.2566370514870364E-002  -3.1384542396226983E-002   1.4372608475134465     
   1.2566370514757565E-002  -2.3257486503492828        1.4968493480102598     
   1.2566370514644766E-002  -2.7680965593037743        1.1683638686131983     
   1.2566370514531968E-002  0.27070186000849261       0.36287768745481935     
   1.2566370514419169E-002  -1.5384437414860890E-002   1.4381989527441172     
   1.2566370514306370E-002  -2.1713040488709492        1.6057411964639547     
   1.2566370514193572E-002 -0.58041052506761570        2.2919100711697906     
   1.2566370514080773E-002   1.1303618327847271        1.9209306853741686     
   1.2566370513967974E-002  -2.4207601098076288        1.4659915507311840     
   1.2566370513855176E-002   2.5607018348217161       0.46563913209866570     
   1.2566370513742377E-002   2.8448218099558180       0.69529582398809553     
   1.2566370513629578E-002  0.38490674604258407       0.28235798364995796     
   1.2566370513516780E-002  -1.0361172006240111E-002   1.4324407402476873     
   1.2566370513403981E-002  -2.3487992559738737        1.4802454228434523     
   1.2566370513291182E-002   3.1250538813755036       0.87109988592107468     
   1.2566370513178384E-002  0.14144016202785195       0.59623695293016621     
   1.2566370513065585E-002  -3.0406151646722026E-002   1.4403736713562967     
   1.2566370512952786E-002  -2.2025639282151768        1.5840544008944595     
   1.2566370512839988E-002 -0.90380944826363074        2.2413796196662088     
   1.2566370512727189E-002   1.2829192148560469        1.7631641948835359     
   1.2566370512614390E-002  -2.1946114608566250        1.6305210519264342     
   1.2566370512501592E-002 -0.40118834985929869        2.2907261717806580     
   1.2566370512388793E-002   1.0430540669293651        1.9946208353769366     
   1.2566370512275995E-002  -2.3958004445012100        1.4844277132109802     
   1.2566370512163196E-002   2.9636420108501444       0.75040936209218556     
   1.2566370512050397E-002  0.23599316604778575       0.45545366778633073     
   1.2566370511937599E-002  -2.0841778750746907E-002   1.4494868655681161     
   1.2566370511824800E-002  -1.8044817997151434        1.8437950102720897     
   1.2566370511712001E-002  -2.9710520409719652        1.0620591453351000     
   1.2566370511599203E-002  0.15016974372687461       0.55566898806681908     
   1.2566370511486404E-002  -2.7681907233423619E-002   1.4433235458820852     
   1.2566370511373605E-002  -2.0741881456253570        1.6718631887839590     
   1.2566370511260807E-002   6.8202804559794224E-003   2.1423126064732863     
   1.2566370511148008E-002   1.0495093745031749        1.9913250695350484     
   1.2566370511035209E-002  -2.4211726742090236        1.4656215083768911     
   1.2566370510922411E-002   2.5533895947367462       0.46077596966519302     
   1.2566370510809612E-002   2.9955666134386267       0.80634631238884513     
   1.2566370510696813E-002  0.19610431095445488       0.51197449772223769     
   1.2566370510584015E-002  -2.4577898407653717E-002   1.4488664896278021     
   1.2566370510471216E-002  -1.8530041670063080        1.8142711993361307     
   1.2566370510358417E-002  0.65730776409463965       0.13428972288222649     
   1.2566370510245619E-002  -2.2067577738101220E-003   1.4200559540236977     
   1.2566370510132820E-002  -2.7595864012838613        1.1739665508117276     
   1.2566370510020021E-002  0.28085599953926788       0.34990861722150657     
   1.2566370509907223E-002  -1.4615705145203346E-002   1.4365938026958049     
   1.2566370509794424E-002  -2.2252398234216644        1.5681998548033980     
   1.2566370509681625E-002  -1.1829082144062100        2.1538056919022051     
   1.2566370509568827E-002   1.3905448621596834        1.6317471836360762     
   1.2566370509456028E-002  -1.8449636952236905        1.8659520516476444     
   1.2566370509343229E-002  -1.3068362802923641        2.1820761133111164     
   1.2566370509230431E-002   1.3823785168533529        1.6394219221698145     
   1.2566370509117632E-002  -1.8431222796996620        1.8671102625764047     
   1.2566370509004833E-002  -1.1826872266545394        2.2376367991975417     
   1.2566370508892035E-002   1.3270985177335035        1.7077516429167916     
   1.2566370508779236E-002  -2.0291921492721188        1.7452189742179707     
   1.2566370508666437E-002  0.10482962322741445        1.7101152270695927     
   1.2566370508553639E-002   1.4282249453714293        1.7350514907011394     
   1.2566370508440840E-002   2.8434060340115583       0.69330417984945936     
   1.2566370508328041E-002  0.38879960676816866       0.27856981455728624     
   1.2566370508215243E-002  -1.0146759740380814E-002   1.4318224465826106     
   1.2566370508102444E-002  -2.3705678204970564        1.4644954951653153     
   1.2566370507989645E-002   2.7713561370766859       0.61082644913630213     
   1.2566370507876847E-002  0.64392690664372043        9.0125085988174980E-002
   1.2566370507764048E-002  -1.9584592756306113E-004   1.3971247441168475     
   1.2566370507651249E-002   2.6797905032136393       0.54555800364383833     
   1.2566370507538451E-002   1.1902169758409298       -4.2686741779172081E-002
   1.2566370507425652E-002   2.1617857514260527E-003   1.4746154758043510     
   1.2566370507312854E-002 -0.89183775585379377        2.2430867899895595     
   1.2566370507200055E-002   1.2790396194086240        1.7677425741981119     
   1.2566370507087256E-002  -2.2060397310355109        1.6224042267250167     
   1.2566370506974458E-002 -0.49817640061134028        2.2943834803808922     
   1.2566370506861659E-002   1.0892086647898251        1.9569048782591498     
   1.2566370506748860E-002  -2.4195863141378497        1.4668312596902398     
   1.2566370506636062E-002   2.5784645125187824       0.47750642342636951     
   1.2566370506523263E-002   2.5016348235133301       0.45793245125212417     
   1.2566370506410464E-002  -2.5063410380258979        1.4030132695238606     
   1.2566370506297666E-002   1.4903465346411588       -4.2507486867394889E-002
   1.2566370506184867E-002  -8.3861491604983220E-003   1.5712118199544878     
   1.2566370506072068E-002  0.11037236020583889        1.8098213704535988     
   1.2566370505959270E-002   1.4400229734163623        1.6033415066282031     
   1.2566370505846471E-002  -2.0761671711452219        1.7132999221193124     
   1.2566370505733672E-002  0.10271334960604979        1.9693785935751964     
   1.2566370505620874E-002   1.2772169797403781        1.7775035000439610     
   1.2566370505508075E-002  -2.3006783529666217        1.5543658750795264     
   1.2566370505395276E-002  -1.6822351527405925        1.9160668688267233     
   1.2566370505282478E-002   1.1957158794658882        1.9746847719134437     
   1.2566370505169679E-002   2.6610249792426846       0.56376901563590998     
   1.2566370505056880E-002   1.2119871001897091       -4.2425550279115556E-002
   1.2566370504944082E-002   1.7441950061349160E-003   1.4824003746248287     
   1.2566370504831283E-002 -0.70857603567764782        2.2778636153111429     
   1.2566370504718484E-002   1.1956616999919567        1.8585748142554721     
   1.2566370504605686E-002  -2.3745280816521994        1.5002551540369153     
   1.2566370504492887E-002  -2.9521667833866823        1.0277844736456969     
   1.2566370504380088E-002  0.14157141859557204       0.57269543826961766     
   1.2566370504267290E-002  -2.8846517778906396E-002   1.4417002777038763     
   1.2566370504154491E-002  -2.1421712282090639        1.6257851915859469     
   1.2566370504041692E-002 -0.34131411484372259        2.2844138661868088     
   1.2566370503928894E-002   1.0176508426555653        2.0143247433751768     
   1.2566370503816095E-002  -2.3742031061878497        1.5003553319599348     
   1.2566370503703296E-002  -2.9488251200866844        1.0303379688357530     
   1.2566370503590498E-002  0.14256228410894742       0.57052231704688405     
   1.2566370503477699E-002  -2.8697897123406167E-002   1.4419169595791941     
   1.2566370503364900E-002  -2.1331156504793385        1.6319793931150284     
   1.2566370503252102E-002 -0.27865437855100245        2.2740609640912433     
   1.2566370503139303E-002  0.99528959332945333        2.0311193972628230     
   1.2566370503026504E-002  -2.3510416269080294        1.5173709489826159     
   1.2566370502913706E-002  -2.5411406848013800        1.3397912381554469     
   1.2566370502800907E-002  0.96100789636296702       -6.0797047112713484E-002
   1.2566370502688108E-002   5.7652377099780914E-003   1.3886324284894616     
   1.2566370502575310E-002   2.4265521108246220       0.37750570986750104     
   1.2566370502462511E-002 -0.51210127662921046        2.4095016453767881     
   1.2566370502349712E-002  0.84429923381128813        2.1298310773179976     
   1.2566370502236914E-002  -2.0821200571827236        1.7087476943248558     
   1.2566370502124115E-002   9.5521242774570969E-002   1.9977341124289660     
   1.2566370502011317E-002   1.2420894451246156        1.8159000923548678     
   1.2566370501898518E-002  -2.3702035804870651        1.5034770473909422     
   1.2566370501785719E-002  -2.8757888557897013        1.0861679469508552     
   1.2566370501672921E-002  0.17444347244612116       0.50821372076063887     
   1.2566370501560122E-002  -2.4507633895380659E-002   1.4456738672059473     
   1.2566370501447323E-002  -1.9659787818930263        1.7430561337140329     
   1.2566370501334525E-002   9.6538057454459425E-002   1.6325601015568090     
   1.2566370501221726E-002  -1.7305424575456734        1.9531868474637586     
   1.2566370501108927E-002   1.3827588005128784        1.7996600684930921     
   1.2566370500996129E-002   2.6445161104420074       0.55256963972242412     
   1.2566370500883330E-002   1.3638858367289972       -3.0689229732555591E-002
   1.2566370500770531E-002  -3.1965540471565780E-003   1.5392183243428001     
   1.2566370500657733E-002   4.0077164987830552E-002   2.1011507047260674     
   1.2566370500544934E-002   1.1060211163684897        1.9452767386892789     
   1.2566370500432135E-002  -2.4544293284317495        1.4408910863487567     
   1.2566370500319337E-002   2.0754476077190738       0.17706169839758590     
   1.2566370500206538E-002  0.39006371934162065       0.35985925869127300     
   1.2566370500093739E-002  -1.4382176420743230E-002   1.4538762433315753     
   1.2566370499980941E-002  -1.6087127383820319        1.9557553757897708     
   1.2566370499868142E-002   1.4333358831229543        1.7333733245588745     
   1.2566370499755343E-002   2.8093387344786640       0.66868679700843459     
   1.2566370499642545E-002  0.46851768055949011       0.20767019313492738     
   1.2566370499529746E-002  -6.2372833332286111E-003   1.4189922795957588     
   1.2566370499416947E-002  -2.8319286614370713        1.1187790262841837     
   1.2566370499304149E-002  0.20437095009099568       0.45780671581700394     
   1.2566370499191350E-002  -2.1235797185278304E-002   1.4454503493013646     
   1.2566370499078551E-002  -1.9501297770081658        1.7532455370858779     
   1.2566370498965753E-002   8.3729462883884331E-002   1.5076120917856952     
   1.2566370498852954E-002  -1.9715837145953402E-002   2.1616399884634676     
   1.2566370498740155E-002   1.0310215213941101        2.0055196602708101     
   1.2566370498627357E-002  -2.4030576696463726        1.4790458533318338     
   1.2566370498514558E-002   2.8427640477727381       0.66201692285516489     
   1.2566370498401759E-002  0.42430798244561202       0.24556170789091392     
   1.2566370498288961E-002  -8.3019948512453590E-003   1.4261306813441719     
   1.2566370498176162E-002  -2.5735073951994596        1.3146968117037567     
   1.2566370498063363E-002  0.78297451329066581       -1.3925886323598305E-002
   1.2566370497950565E-002   4.5187483946443549E-003   1.3702706832689007     
   1.2566370497837766E-002   1.8566268606273262        7.3919941792981572E-002
   1.2566370497724967E-002  -5.2329928884614067E-002   1.1817057427536715     
   1.2566370497612169E-002   6.2742715506163477E-002  0.70684304900017736     
   1.2566370497499370E-002  -3.8289335327374815E-002   1.4099009991985632     
   1.2566370497386571E-002   2.8802230052890878       0.68821521590317136     
   1.2566370497273773E-002  0.34894840211913158       0.31914428473119927     
   1.2566370497160974E-002  -1.2472902735037277E-002   1.4380187767063359     
   1.2566370497048176E-002  -2.1558633208662905        1.6163836016849913     
   1.2566370496935377E-002 -0.44644038956923981        2.2933257169342118     
   1.2566370496822578E-002   1.0641518883553456        1.9777037241780531     
   1.2566370496709780E-002  -2.4093493498929899        1.4744090211522889     
   1.2566370496596981E-002   2.7405566891321529       0.58905343997083137     
   1.2566370496484182E-002  0.78330031066079286        2.6921541724818945E-002
   1.2566370496371384E-002   2.6248080132088014E-003   1.3930597684606305     
   1.2566370496258585E-002   2.5566288580872127       0.46186435557322919     
   1.2566370496145786E-002   2.9398176367570779       0.76491061572124486     
   1.2566370496032988E-002  0.24433620105943457       0.44388206018459198     
