   1.2566370608718848E-002 -0.52370052533289813        1.9420084756165619     
   1.2566370608606050E-002 -0.52370052533322220        1.9420084756164893     
   1.2566370608493251E-002 -0.52370052533355049        1.9420084756164158     
   1.2566370608380452E-002 -0.52370052533388645        1.9420084756163427     
   1.2566370608267654E-002 -0.52370052533421552        1.9420084756162717     
   1.2566370608154855E-002 -0.52370052533454148        1.9420084756161988     
   1.2566370608042056E-002 -0.52370052533487399        1.9420084756161271     
   1.2566370607929258E-002 -0.52370052533519462        1.9420084756160532     
   1.2566370607816459E-002 -0.52370052533553058        1.9420084756159810     
   1.2566370607703660E-002 -0.52370052533584976        1.9420084756159086     
   1.2566370607590862E-002 -0.52370052533618472        1.9420084756158349     
   1.2566370607478063E-002 -0.52370052533651734        1.9420084756157636     
   1.2566370607365264E-002 -0.52370052533683675        1.9420084756156910     
   1.2566370607252466E-002 -0.52370052533716838        1.9420084756156177     
   1.2566370607139667E-002 -0.52370052533750500        1.9420084756155440     
   1.2566370607026868E-002 -0.52370052533783962        1.9420084756154721     
   1.2566370606914070E-002 -0.52370052533815337        1.9420084756154006     
   1.2566370606801271E-002 -0.52370052533848199        1.9420084756153277     
   1.2566370606688472E-002 -0.52370052533882416        1.9420084756152547     
   1.2566370606575674E-002 -0.52370052533915368        1.9420084756151816     
   1.2566370606462875E-002 -0.52370052533946931        1.9420084756151101     
   1.2566370606350076E-002 -0.52370052533978917        1.9420084756150373     
   1.2566370606237278E-002 -0.52370052534012979        1.9420084756149658     
   1.2566370606124479E-002 -0.52370052534045153        1.9420084756148925     
   1.2566370606011680E-002 -0.52370052534078304        1.9420084756148199     
   1.2566370605898882E-002 -0.52370052534110145        1.9420084756147471     
   1.2566370605786083E-002 -0.52370052534143707        1.9420084756146747     
   1.2566370605673284E-002 -0.52370052534176381        1.9420084756146019     
   1.2566370605560486E-002 -0.52370052534210165        1.9420084756145291     
   1.2566370605447687E-002 -0.52370052534243183        1.9420084756144553     
   1.2566370605334888E-002 -0.52370052534276557        1.9420084756143836     
   1.2566370605222090E-002 -0.52370052534308487        1.9420084756143112     
   1.2566370605109291E-002 -0.52370052534340428        1.9420084756142397     
   1.2566370604996492E-002 -0.52370052534373590        1.9420084756141667     
   1.2566370604883694E-002 -0.52370052534407463        1.9420084756140932     
   1.2566370604770895E-002 -0.52370052534440525        1.9420084756140212     
   1.2566370604658096E-002 -0.52370052534472211        1.9420084756139477     
   1.2566370604545298E-002 -0.52370052534505895        1.9420084756138751     
   1.2566370604432499E-002 -0.52370052534537126        1.9420084756138039     
   1.2566370604319701E-002 -0.52370052534570533        1.9420084756137310     
   1.2566370604206902E-002 -0.52370052534604716        1.9420084756136575     
   1.2566370604094103E-002 -0.52370052534637035        1.9420084756135849     
   1.2566370603981305E-002 -0.52370052534669564        1.9420084756135125     
   1.2566370603868506E-002 -0.52370052534704115        1.9420084756134386     
   1.2566370603755707E-002 -0.52370052534735545        1.9420084756133666     
   1.2566370603642909E-002 -0.52370052534769895        1.9420084756132945     
   1.2566370603530110E-002 -0.52370052534802625        1.9420084756132228     
   1.2566370603417311E-002 -0.52370052534834044        1.9420084756131510     
   1.2566370603304513E-002 -0.52370052534866518        1.9420084756130767     
   1.2566370603191714E-002 -0.52370052534899658        1.9420084756130054     
   1.2566370603078915E-002 -0.52370052534932188        1.9420084756129328     
   1.2566370602966117E-002 -0.52370052534966194        1.9420084756128588     
   1.2566370602853318E-002 -0.52370052534999201        1.9420084756127864     
   1.2566370602740519E-002 -0.52370052535031109        1.9420084756127152     
   1.2566370602627721E-002 -0.52370052535063594        1.9420084756126417     
   1.2566370602514922E-002 -0.52370052535097644        1.9420084756125691     
   1.2566370602402123E-002 -0.52370052535130862        1.9420084756124971     
   1.2566370602289325E-002 -0.52370052535163913        1.9420084756124252     
   1.2566370602176526E-002 -0.52370052535195144        1.9420084756123523     
   1.2566370602063727E-002 -0.52370052535226752        1.9420084756122797     
   1.2566370601950929E-002 -0.52370052535262235        1.9420084756122065     
   1.2566370601838130E-002 -0.52370052535294254        1.9420084756121343     
   1.2566370601725331E-002 -0.52370052535327372        1.9420084756120615     
   1.2566370601612533E-002 -0.52370052535359990        1.9420084756119882     
   1.2566370601499734E-002 -0.52370052535393263        1.9420084756119163     
   1.2566370601386935E-002 -0.52370052535425005        1.9420084756118432     
   1.2566370601274137E-002 -0.52370052535459055        1.9420084756117697     
   1.2566370601161338E-002 -0.52370052535490497        1.9420084756116986     
   1.2566370601048539E-002 -0.52370052535524514        1.9420084756116252     
   1.2566370600935741E-002 -0.52370052535557066        1.9420084756115537     
   1.2566370600822942E-002 -0.52370052535590528        1.9420084756114788     
   1.2566370600710143E-002 -0.52370052535622347        1.9420084756114087     
   1.2566370600597345E-002 -0.52370052535655198        1.9420084756113347     
   1.2566370600484546E-002 -0.52370052535688671        1.9420084756112630     
   1.2566370600371747E-002 -0.52370052535721279        1.9420084756111899     
   1.2566370600258949E-002 -0.52370052535755096        1.9420084756111160     
   1.2566370600146150E-002 -0.52370052535788214        1.9420084756110454     
   1.2566370600033351E-002 -0.52370052535818556        1.9420084756109728     
   1.2566370599920553E-002 -0.52370052535853528        1.9420084756108995     
   1.2566370599807754E-002 -0.52370052535885847        1.9420084756108269     
   1.2566370599694955E-002 -0.52370052535918277        1.9420084756107541     
   1.2566370599582157E-002 -0.52370052535951994        1.9420084756106821     
   1.2566370599469358E-002 -0.52370052535983524        1.9420084756106091     
   1.2566370599356559E-002 -0.52370052536016864        1.9420084756105378     
   1.2566370599243761E-002 -0.52370052536048262        1.9420084756104647     
   1.2566370599130962E-002 -0.52370052536082146        1.9420084756103917     
   1.2566370599018164E-002 -0.52370052536116363        1.9420084756103191     
   1.2566370598905365E-002 -0.52370052536148681        1.9420084756102463     
   1.2566370598792566E-002 -0.52370052536180445        1.9420084756101739     
   1.2566370598679768E-002 -0.52370052536214506        1.9420084756100997     
   1.2566370598566969E-002 -0.52370052536247857        1.9420084756100291     
   1.2566370598454170E-002 -0.52370052536281153        1.9420084756099560     
   1.2566370598341372E-002 -0.52370052536313538        1.9420084756098830     
   1.2566370598228573E-002 -0.52370052536344947        1.9420084756098115     
   1.2566370598115774E-002 -0.52370052536378631        1.9420084756097380     
   1.2566370598002976E-002 -0.52370052536411327        1.9420084756096656     
   1.2566370597890177E-002 -0.52370052536444112        1.9420084756095943     
   1.2566370597777378E-002 -0.52370052536476441        1.9420084756095217     
   1.2566370597664580E-002 -0.52370052536509071        1.9420084756094493     
   1.2566370597551781E-002 -0.52370052536543255        1.9420084756093750     
